D2H	0	0	0.00333333333333333	0.00666666666666667	0	0	0	0	0	0	0	0	0	0
D2G	0.318936877076412	0	0	0	0	0	0	0	0	0	0	0	0	0
I12V	0	0	0	0	0	0	0	0	0.0133333333333333	0	0	0	0	0
I12T	0	0	0	0	0.01	0	0	0	0	0	0	0	0	0
I12V	0	0	0	0	0	0	0.01	0	0	0	0	0	0	0
I12T	0	0	0	0	0.0433333333333333	0	0	0	0	0	0	0	0	0
I12V	0	0	0	0.00333333333333333	0.00333333333333333	0	0	0	0	0	0	0	0	0
A14V	0	0	0	0	0	0	0.01	0	0	0	0	0	0	0
A14V	0	0.00333333333333333	0.00333333333333333	0	0	0	0	0	0	0	0	0	0	0
V14A	0	0.00666666666666667	0.133333333333333	0.00666666666666667	0	0	0	0	0	0	0	0	0	0
T20I	0	0	0	0	0	0	0	0	0	0	0.00666666666666667	0	0	0
T20I	0	0	0	0	0	0	0.43	0.193333333333333	0.00333333333333333	0	0	0	0	0
T20A	0	0	0	0	0	0.01	0	0	0	0	0	0	0	0
D27N	0	0	0	0	0	0.01	0	0	0	0	0	0	0	0
Y38H	0	0	0	0.00666666666666667	0	0	0	0	0	0	0	0	0	0
Q48K	0	0	0	0	0	0	0	0	0.00666666666666667	0	0	0	0	0
K52R	0	0	0	0	0	0	0	0	0.0133333333333333	0.673333333333333	0.0166666666666667	0	0	0
K52R	0	0	0	0.01	0	0	0	0	0	0	0	0	0	0
R52K	0	0	0	0.00333333333333333	0.00333333333333333	0	0	0	0	0	0	0	0	0
K52R	0	0	0	0	0	0	0	0.0433333333333333	0	0	0	0	0	0
K52R	0	0.00333333333333333	0.00666666666666667	0	0	0	0	0	0	0	0	0	0	0
K54R	0	0	0	0	0.05	0.253333333333333	0.0166666666666667	0	0	0	0	0	0	0
T56A	0	0	0	0	0	0	0	0	0	0	0	0	0.0233333333333333	0
T56M	0	0	0	0	0.01	0	0	0	0	0	0	0	0	0
T56A	0	0	0	0	0.01	0	0	0	0	0	0	0	0	0
T57I	0	0	0	0	0	0	0	0	0	0	0.0166666666666667	0	0	0
P64L	0	0	0	0	0	0	0	0	0	0	0.0133333333333333	0	0	0
P64S	0	0	0	0	0	0	0.01	0	0	0	0	0	0	0
E75D	0	0	0	0	0	0	0	0.03	0	0	0	0	0	0
D76N	0	0	0	0	0	0	0	0	0	0	0.01	0	0	0
D76G	0	0	0	0	0	0.02	0	0	0	0	0	0	0	0
A83G	0	0	0	0	0.01	0	0	0	0	0	0	0	0	0
M92L	0	0	0	0	0	0	0	0	0	0.21	0.0166666666666667	0	0	0
A93T	0	0	0	0.00333333333333333	0.00333333333333333	0	0	0	0	0	0	0	0	0
F94L	0	0.00333333333333333	0.00666666666666667	0	0	0	0	0	0	0	0	0	0	0
E96G	0	0	0	0	0	0	0	0	0	0	0.00666666666666667	0	0	0
E96D	0	0	0	0	0	0	0	0.0433333333333333	0	0	0	0	0	0
E97K	0	0	0	0	0	0	0	0	0	0	0	0	0.03	0
S98A	0	0	0	0	0	0	0	0	0	0	0.00666666666666667	0	0	0
S98T	0	0	0	0	0	0	0	0	0.01	0.03	0	0	0	0
E104G	0	0	0	0	0.00666666666666667	0	0	0	0	0	0	0	0	0
N105T	0	0	0.00666666666666667	0	0	0	0	0	0	0	0	0	0	0
L108I	0	0	0	0	0	0	0.01	0	0	0	0	0	0	0
E109G	0	0	0	0	0.00666666666666667	0	0	0	0	0	0	0	0	0
M111I	0	0	0	0	0	0	0	0	0	0	0.00666666666666667	0	0	0
M111I	0	0	0	0	0	0	0	0.166666666666667	0	0	0	0	0	0
V113I	0	0	0	0	0	0	0	0	0	0	0	0	0	0.0333333333333333
V113I	0	0	0	0	0	0	0	0	0.00333333333333333	0	0.28	0.246666666666667	0	0
I113V	0	0	0	0	0	0	0	0	0	0	0.01	0	0	0
V113I	0	0	0	0	0	0	0	0	0	0	0.01	0	0	0
I113V	0	0	0	0	0	0	0	0	0	0	0.00666666666666667	0	0	0
V113A	0	0	0	0.00333333333333333	0	0	0	0	0.00333333333333333	0	0	0	0	0
V113I	0	0	0	0	0	0	0	0	0	0	0.0166666666666667	0	0	0
V113A	0	0	0	0.00666666666666667	0.113333333333333	0.393333333333333	0.0266666666666667	0.01	0	0	0	0	0	0
V113F	0	0.01	0.00333333333333333	0	0	0	0	0	0	0	0	0	0	0
V114I	0	0	0	0	0	0	0	0	0	0	0	0	0	0.03
T123A	0	0	0.00666666666666667	0	0	0	0	0	0	0	0	0	0	0
N134K	0	0	0	0	0	0	0	0	0	0	0.0166666666666667	0	0	0
V149I	0	0	0	0	0.01	0	0	0	0	0	0	0	0	0
G154D	0	0	0	0	0	0	0.00666666666666667	0.0733333333333333	0.84	1	0.963333333333333	1	0.99	1
D154N	0	0	0	0	0	0	0	0	0	0	0	0	0.01	0
D154G	0	0	0	0	0	0	0	0	0.00666666666666667	0	0	0	0	0
G154S	0	0	0	0	0	0	0	0.0433333333333333	0	0	0	0	0	0
G154D	0	0	0	0	0.0666666666666667	0.246666666666667	0.17	0	0.08	0	0	0	0	0
G154D	0	0	0	0	0.00666666666666667	0	0	0	0	0	0	0	0	0
G154D	0	0	0.00333333333333333	0	0	0	0	0.0466666666666667	0	0	0	0	0	0
G154D	0	0	0	0	0.0366666666666667	0.0166666666666667	0	0	0	0	0	0	0	0
T156I	0	0	0	0	0	0	0	0	0	0	0.0133333333333333	0	0	0
T156I	0	0	0	0.0166666666666667	0	0	0	0	0	0	0	0	0	0
A157S	0	0	0	0	0	0	0	0	0	0	0	0	0.01	0
A157T	0	0	0	0.0133333333333333	0.00333333333333333	0	0	0	0	0	0	0	0	0
N158S	0	0.01	0	0	0	0	0	0	0	0	0	0	0	0
E159K	0	0	0.00333333333333333	0	0	0	0.00666666666666667	0	0	0	0	0	0	0
G161R	0	0	0	0.0133333333333333	0	0	0	0	0	0	0	0	0	0
I164V	0	0	0	0	0	0	0	0	0.03	0	0	0	0	0
I164V	0	0	0	0	0	0.0266666666666667	0.42	0.193333333333333	0.00333333333333333	0	0	0	0	0
V164I	0	0	0	0	0	0	0.01	0	0	0	0	0	0	0
L167I	0	0.00333333333333333	0.00333333333333333	0	0	0	0	0	0	0	0	0	0	0
V170I	0	0	0	0	0	0	0	0	0	0.0166666666666667	0	0	0	0
M174L	0	0.00333333333333333	0.00333333333333333	0	0	0	0	0	0	0	0	0	0	0
N175D	0	0	0	0	0	0	0	0	0	0	0	0	0.213333333333333	0.33
E177K	0	0	0	0	0	0	0	0	0	0	0	0.23	0	0
E178G	0	0	0	0	0	0	0.0133333333333333	0.0433333333333333	0	0	0	0	0	0
I179M	0	0	0	0	0	0	0	0	0.0233333333333333	0	0	0	0	0
I179V	0	0	0	0	0.01	0	0	0	0	0	0	0	0	0
I179V	0	0	0	0.00666666666666667	0	0	0	0	0	0	0	0	0	0
I181V	0	0	0	0	0	0	0	0	0	0	0	0	0	0.03
I181V	0	0	0	0	0	0	0	0	0	0.0233333333333333	0	0	0	0
I181V	0	0	0	0.0133333333333333	0.00333333333333333	0	0	0	0	0	0	0	0	0
T182I	0	0	0	0	0	0	0	0	0	0.03	0	0	0	0
T182I	0	0	0	0	0	0	0.0333333333333333	0.11	0	0	0	0	0	0
K188E	0	0.00666666666666667	0.0166666666666667	0.0133333333333333	0	0	0	0	0	0	0	0	0	0
R190S	0	0.00333333333333333	0.00333333333333333	0	0	0	0	0	0	0	0	0	0	0
V191I	0	0	0	0	0	0	0	0	0.0366666666666667	0.08	0	0	0	0
V191I	0	0	0	0	0.01	0	0	0	0	0	0	0	0	0
V191I	0	0.00666666666666667	0	0	0	0	0	0	0	0	0	0	0	0
R192I	0	0	0	0	0	0	0	0	0	0	0.00666666666666667	0	0	0
N194K	0	0	0.00666666666666667	0	0	0	0	0	0	0	0	0	0	0
N194S	0	0	0.00666666666666667	0	0	0	0	0	0	0	0	0	0	0
M195I	0	0	0	0	0	0	0	0	0	0	0.01	0	0	0
M195I	0	0	0	0	0	0	0	0.03	0	0	0	0	0	0
M195I	0	0	0	0	0	0	0.01	0	0	0	0	0	0	0
M195T	0	0.00333333333333333	0	0.00333333333333333	0	0	0	0	0	0	0	0	0	0
K197N	0	0	0	0.0133333333333333	0	0	0	0	0	0	0	0	0	0
K197R	0	0	0	0	0	0.0166666666666667	0	0	0	0	0	0	0	0
M199V	0	0.00333333333333333	0	0.00333333333333333	0	0	0	0	0	0	0	0	0	0
V200I	0	0	0	0	0	0	0	0	0	0	0.0133333333333333	0	0	0
V200I	0	0	0	0	0	0	0	0	0.02	0	0	0	0	0
V200I	0	0.00666666666666667	0	0	0	0	0	0	0	0	0	0	0	0
Q202L	0	0	0	0	0	0	0.0133333333333333	0	0	0	0	0	0	0
Q210L	0	0	0	0	0	0	0	0	0	0.02	0	0	0	0
R211K	0	0	0	0	0	0	0	0	0	0	0	0	0.553333333333333	0.493333333333333
R211K	0	0	0	0	0.00666666666666667	0	0	0	0	0	0	0	0	0
R211K	0	0	0	0.01	0	0	0	0	0	0	0	0	0	0
R211K	0	0	0	0.1	0.0966666666666667	0.00666666666666667	0.0133333333333333	0	0	0	0	0	0	0
N213K	0	0	0	0	0	0	0	0	0	0	0	0	0.00666666666666667	0
K213S	0	0	0	0	0	0	0	0	0	0	0	0	0.0366666666666667	0.0933333333333333
N213D	0	0	0	0	0	0	0	0	0.00666666666666667	0	0	0	0	0
N213D	0	0	0	0	0.0166666666666667	0.0266666666666667	0	0	0	0	0	0	0	0
G216D	0	0	0	0	0.0666666666666667	0.0566666666666667	0.0166666666666667	0.0433333333333333	0	0	0	0	0	0
G216S	0	0	0	0	0	0.0233333333333333	0	0	0	0	0	0	0	0
G216S	0	0	0	0.0133333333333333	0	0	0	0	0	0	0	0	0	0
L218I	0	0	0	0	0	0	0	0.03	0	0	0	0	0	0
L218I	0	0	0.00333333333333333	0	0	0	0	0.0466666666666667	0	0	0	0	0	0
I219R	0	0	0	0	0.00666666666666667	0	0	0	0	0	0	0	0	0
T226S	0	0	0	0	0.00666666666666667	0	0	0	0	0	0	0	0	0
Y253H	0	0	0	0.0133333333333333	0	0	0	0	0	0	0	0	0	0
F254C	0	0	0.00666666666666667	0	0	0	0	0	0	0	0	0	0	0
T257I	0	0	0	0	0	0	0	0	0.0566666666666667	0	0	0	0	0
T257I	0	0	0	0	0	0	0	0.0333333333333333	0	0	0	0	0	0
T257I	0	0.00333333333333333	0	0.00333333333333333	0	0	0	0	0	0	0	0	0	0
T257A	0	0.00666666666666667	0.04	0.35	0.02	0	0	0	0	0	0	0	0	0
R260K	0	0	0	0	0.00666666666666667	0	0	0	0	0	0	0	0	0
S261G	0	0	0	0	0	0	0	0	0	0	0	0	0.0133333333333333	0
S261N	0	0	0	0	0	0	0	0	0	0.0666666666666667	0.03	0	0	0
N261S	0	0	0	0	0	0	0	0	0	0	0.01	0	0	0
S261N	0	0	0	0	0	0	0	0	0	0	0.01	0	0	0
S261N	0	0	0	0	0	0	0	0	0	0.03	0	0	0	0
S261G	0	0	0	0	0.00666666666666667	0	0	0	0	0	0	0	0	0
T291A	0	0	0	0.0133333333333333	0	0	0	0	0	0	0	0	0	0
T291A	0	0	0	0.00333333333333333	0.00333333333333333	0	0	0	0	0	0	0	0	0
N292D	0	0	0	0	0	0	0	0	0	0	0.00666666666666667	0	0	0
I298L	0	0	0	0	0	0	0	0	0	0	0.00666666666666667	0	0	0
I298V	0	0	0	0	0.01	0	0	0	0	0	0	0	0	0
S299F	0	0	0	0.02	0.00333333333333333	0	0	0	0	0	0	0	0	0
I302V	0	0	0	0	0	0	0	0	0	0.01	0	0	0	0
A320G	0	0	0	0.00333333333333333	0	0	0	0	0.00333333333333333	0	0	0	0	0
T326S	0	0	0	0	0	0	0	0	0	0	0	0	0.01	0
R327K	0	0	0	0	0	0	0.43	0.193333333333333	0.00333333333333333	0	0	0	0	0
R327K	0	0	0	0	0	0.0166666666666667	0	0	0	0	0	0	0	0
R327K	0	0	0	0	0.01	0	0	0	0	0	0	0	0	0
N328D	0	0	0	0	0	0	0	0.0366666666666667	0	0	0	0	0	0
N328K	0	0	0.01	0	0	0	0	0	0	0	0	0	0	0
E331G	0	0	0	0	0	0.01	0	0	0	0	0	0	0	0
E331K	0	0	0	0	0.00666666666666667	0	0	0	0	0	0	0	0	0
E331K	0	0	0	0	0.00666666666666667	0	0	0	0	0	0	0	0	0
M339T	0	0	0	0	0	0	0	0	0	0	0.01	0	0	0
A349V	0	0	0	0.06	0	0	0	0	0	0	0	0	0	0
L351I	0	0	0	0.00666666666666667	0.02	0	0	0	0	0	0	0	0	0
K353R	0	0.0833333333333333	0.01	0.0133333333333333	0.00333333333333333	0	0	0	0	0	0	0	0	0
E358D	0	0	0	0	0.00666666666666667	0	0	0	0	0	0	0	0	0
K360E	0	0	0	0	0	0	0	0	0	0	0	0	0	0.04
R361K	0	0	0	0	0	0	0	0	0	0.0133333333333333	0	0	0	0
R361K	0	0.00666666666666667	0.0166666666666667	0.0133333333333333	0	0	0	0	0	0	0	0	0	0
R361K	0	0	0	0	0.02	0.00666666666666667	0	0	0	0	0	0	0	0
R361K	0	0	0	0	0	0	0.0133333333333333	0	0	0	0	0	0	0
M362I	0	0	0	0	0	0	0	0	0	0	0	0	0.01	0
K363R	0	0	0	0.00666666666666667	0.01	0.14	0.01	0.01	0	0	0	0	0	0
A370S	0	0	0	0	0	0	0	0	0.00666666666666667	0	0	0	0	0
E371G	0	0	0	0	0	0	0.00666666666666667	0	0	0	0	0	0	0
M372V	0	0	0	0	0	0	0	0	0.0233333333333333	0	0	0	0	0
A374V	0	0	0	0	0	0	0	0	0	0	0	0	0.0133333333333333	0
A374T	0	0	0	0	0	0	0	0	0.00666666666666667	0	0	0	0	0
A374T	0	0	0	0	0	0	0	0	0	0	0.01	0	0	0
A374T	0	0	0	0.0133333333333333	0	0	0	0	0	0	0	0	0	0
S375G	0	0	0	0	0	0	0	0	0	0	0	0	0	0.03
S375N	0	0	0	0	0	0	0	0	0	0	0	0	0.0833333333333333	0
S375N	0	0	0	0	0	0	0	0	0.00666666666666667	0	0.313333333333333	0	0	0
L378M	0	0	0	0.01	0	0	0	0	0	0	0	0	0	0
K379R	0	0	0	0	0	0	0	0	0.00666666666666667	0	0	0	0	0
E383G	0	0	0	0.0133333333333333	0	0	0	0	0	0	0	0	0	0
S384P	0	0.00666666666666667	0	0	0	0	0	0	0	0	0	0	0	0
S384P	0	0.00333333333333333	0.00333333333333333	0	0	0	0	0	0	0	0	0	0	0
K386R	0	0	0	0	0	0	0	0	0	0	0.00666666666666667	0	0	0
K386R	0	0	0	0.0133333333333333	0	0	0	0	0	0	0	0	0	0
K386R	0	0	0	0	0.0266666666666667	0	0	0	0	0	0	0	0	0
K386R	0	0	0	0.00666666666666667	0	0	0	0	0	0	0	0	0	0
K387R	0	0	0	0	0.0466666666666667	0.253333333333333	0.0166666666666667	0	0	0	0	0	0	0
K388R	0	0	0	0	0	0	0	0	0	0	0	0	0	0.03
K388R	0	0	0.00666666666666667	0	0	0	0	0	0	0	0	0	0	0
I392L	0	0	0	0	0	0	0	0.0433333333333333	0	0	0	0	0	0
I397M	0	0	0	0.153333333333333	0.24	0.466666666666667	0.643333333333333	0.583333333333333	0.83	0.976666666666667	0.963333333333333	1	0.953333333333333	1
M397I	0	0	0	0	0	0	0	0	0	0	0	0	0.0466666666666667	0
M397I	0	0	0	0	0	0	0	0	0.0266666666666667	0.0233333333333333	0	0	0	0
I397M	0	0	0	0	0	0	0	0	0.08	0	0	0	0	0
M397I	0	0	0	0.0266666666666667	0.00333333333333333	0	0	0	0	0	0.00666666666666667	0	0	0
I397M	0	0	0	0.00666666666666667	0	0	0	0	0	0	0	0	0	0
I397M	0	0	0.00333333333333333	0	0	0	0	0.0466666666666667	0	0	0	0	0	0
I397M	0	0	0.00666666666666667	0	0	0	0	0	0	0	0	0	0	0
M397I	0	0.0233333333333333	0.01	0	0	0	0	0	0	0	0	0	0	0
D398N	0	0	0	0.01	0.00333333333333333	0	0	0	0	0	0	0	0	0
M407R	0	0.00333333333333333	0.01	0.00666666666666667	0	0	0	0	0	0	0	0	0	0
I423T	0	0	0	0	0	0	0	0	0	0	0	0	0.0266666666666667	0
K430R	0	0	0	0.01	0	0	0	0	0	0	0	0	0	0
Y431H	0	0	0	0	0	0	0.01	0	0	0	0	0	0	0
I435T	0	0	0	0	0	0	0.02	0.0733333333333333	0.846666666666667	1	0.956666666666667	1	1	1
T435I	0	0	0	0	0	0	0	0	0	0	0.00666666666666667	0	0	0
I435T	0	0	0	0.0866666666666667	0.22	0.466666666666667	0.613333333333333	0.51	0.0833333333333333	0	0	0	0	0
T435I	0	0	0	0	0	0	0.01	0	0	0	0	0	0	0
I435T	0	0	0	0.01	0	0	0	0	0	0	0.00666666666666667	0	0	0
I435T	0	0	0	0.00333333333333333	0	0	0	0	0.00333333333333333	0	0	0	0	0
I435T	0	0	0	0	0	0	0.00333333333333333	0.2	0.0433333333333333	0	0	0	0	0
I435T	0	0	0	0.01	0	0	0	0	0	0	0	0	0	0
I435T	0	0	0	0.0333333333333333	0	0	0	0	0	0	0	0	0	0
I435T	0	0.00333333333333333	0	0.00666666666666667	0.116666666666667	0.433333333333333	0.0266666666666667	0.01	0.00333333333333333	0	0	0	0	0
I435V	0	0	0	0.09	0.06	0.00666666666666667	0	0	0	0	0	0	0	0
I435V	0	0.0133333333333333	0.05	0.0133333333333333	0	0	0	0	0	0	0	0	0	0
W437C	0	0.00333333333333333	0.01	0.00666666666666667	0	0	0	0	0	0	0	0	0	0
F447Y	0	0.00333333333333333	0.01	0.00666666666666667	0	0	0	0	0	0	0	0	0	0
V451L	0	0	0	0	0.00666666666666667	0	0	0	0	0	0	0	0	0
P454Q	0	0	0	0.00333333333333333	0.02	0	0	0	0	0	0	0	0	0
P454S	0	0.00666666666666667	0	0	0	0	0	0	0	0	0	0	0	0
N455D	0	0.01	0	0	0	0	0	0	0	0	0	0	0	0
H456Y	0	0	0	0	0	0	0	0	0.08	0	0	0	0	0
E457A	0	0	0	0	0	0	0	0	0	0	0	0	0	0.0633333333333333
E457D	0	0	0	0	0	0	0	0	0	0	0.0133333333333333	0	0	0
R465G	0	0	0	0	0.00333333333333333	0	0.0166666666666667	0	0	0	0	0	0	0
Y467N	0	0	0	0	0.00333333333333333	0	0.0166666666666667	0	0	0	0	0	0	0
T469A	0	0	0	0	0	0	0	0	0	0	0.01	0	0	0
V473M	0	0	0	0	0	0	0	0	0	0	0.0133333333333333	0	0	0
K480R	0	0	0	0	0	0	0	0	0	0	0	0	0	0.0633333333333333
K486R	0	0	0	0	0	0	0	0	0	0	0.00666666666666667	0	0	0
F495L	0	0	0	0	0.01	0	0	0	0	0	0	0	0	0
F495L	0	0	0	0	0.00666666666666667	0	0	0	0	0	0	0	0	0
F496L	0	0	0	0	0.01	0	0	0	0	0	0	0	0	0
P510V	0	0	0	0.0133333333333333	0	0	0	0	0	0	0	0	0	0
S511I	0	0	0	0.0133333333333333	0	0	0	0	0	0	0	0	0	0
F512A	0	0	0	0.0133333333333333	0	0	0	0	0	0	0	0	0	0
V514M	0	0	0	0	0	0	0	0	0	0	0	0	0.0133333333333333	0
V514F	0	0	0	0.0133333333333333	0	0	0	0	0	0	0	0	0	0
S515A	0	0	0	0	0	0	0.06	0	0	0	0	0	0	0
S515L	0	0	0	0.0133333333333333	0	0	0	0	0	0	0	0	0	0
G516V	0	0.00333333333333333	0.01	0.00666666666666667	0	0	0	0	0	0	0	0	0	0
G516R	0	0	0	0.0133333333333333	0	0	0	0	0	0	0	0	0	0
V517I	0	0	0	0	0	0	0	0	0	0	0.00666666666666667	0	0	0
I525V	0	0	0	0	0	0	0	0	0	0	0	0	0	0.0333333333333333
I525V	0	0	0	0	0	0	0.0133333333333333	0	0	0	0	0	0	0
V527I	0	0	0	0	0	0	0	0.0433333333333333	0	0	0	0	0	0
V527A	0	0	0	0	0.00666666666666667	0	0	0	0	0	0	0	0	0
K531R	0	0	0	0	0	0	0	0	0	0.0166666666666667	0	0	0	0
Q545H	0	0	0	0	0	0	0	0	0.01	0	0	0	0	0
R563K	0	0	0	0	0	0	0	0	0	0	0	0	0.0833333333333333	0
R563K	0	0.00333333333333333	0.0966666666666667	0	0	0	0	0	0	0	0	0	0	0
T566A	0	0.0133333333333333	0	0	0	0	0	0	0	0	0	0	0	0
Q569K	0	0	0	0	0	0	0.00666666666666667	0	0	0	0	0	0	0
Q569R	0	0	0	0	0	0	0	0	0.00666666666666667	0	0	0	0	0
R571K	0	0	0	0	0	0	0	0	0	0	0.0133333333333333	0	0	0
R571K	0	0	0	0	0	0	0	0	0	0.0266666666666667	0	0	0	0
S573T	0	0	0	0	0	0	0.0166666666666667	0	0	0	0	0	0	0
K577R	0	0	0	0	0	0	0	0	0	0	0.01	0	0	0
D581G	0	0	0	0	0	0	0	0	0.0266666666666667	0	0	0	0	0
D581N	0	0	0	0	0.00666666666666667	0	0	0	0	0	0	0	0	0
D581N	0	0	0	0	0.01	0	0	0	0	0	0	0	0	0
K586R	0	0.00333333333333333	0.00333333333333333	0	0	0	0	0	0	0	0	0	0	0
V587A	0	0	0	0	0	0	0	0	0.00666666666666667	0	0	0	0	0
V587I	0	0	0	0	0	0.0133333333333333	0	0	0	0	0	0	0	0
V587A	0	0	0	0	0.00666666666666667	0	0	0	0	0	0	0	0	0
V587I	0	0	0	0.00666666666666667	0.0266666666666667	0	0.0133333333333333	0	0	0	0	0	0	0
V587G	0	0	0.0566666666666667	0.0166666666666667	0.0366666666666667	0.0166666666666667	0	0	0	0	0	0	0	0
V587G	0	0.00333333333333333	0.00333333333333333	0	0	0	0	0	0	0	0	0	0	0
V587A	0	0.0166666666666667	0.00333333333333333	0	0	0	0	0	0	0	0	0	0	0
V587A	0	0	0	0	0.01	0	0	0	0	0	0	0	0	0
V591I	0	0	0	0	0	0	0	0	0.0233333333333333	0	0	0	0	0
V591I	0	0.00333333333333333	0.00333333333333333	0	0	0	0	0	0	0	0	0	0	0
L598I	0	0	0.00666666666666667	0	0	0	0	0	0	0	0	0	0	0
H605Q	0	0	0	0	0	0	0	0	0.00666666666666667	0	0	0	0	0
I606L	0	0	0	0	0	0	0	0	0.00666666666666667	0	0	0	0	0
I606L	0	0	0	0	0	0	0	0	0.00666666666666667	0	0	0	0	0
E608G	0	0.00333333333333333	0	0.00333333333333333	0	0	0	0	0	0	0	0	0	0
V609H	0	0.00333333333333333	0	0.00333333333333333	0	0	0	0	0	0	0	0	0	0
V609I	0	0.01	0	0	0	0	0	0	0	0	0	0	0	0
V609A	0	0	0.00666666666666667	0	0	0	0	0	0	0	0	0	0	0
C610S	0	0.00333333333333333	0	0.00333333333333333	0	0	0	0	0	0	0	0	0	0
L611I	0	0	0	0	0.00666666666666667	0	0	0	0	0	0	0	0	0
E614D	0	0	0	0	0	0	0	0	0	0	0	0	0.0233333333333333	0
E614D	0	0	0	0	0.01	0	0	0	0	0	0	0	0	0
E614D	0	0	0	0	0.00666666666666667	0	0	0	0	0	0	0	0	0
D618G	0	0	0	0	0	0	0	0	0	0	0	0	0	0.0266666666666667
D618G	0	0	0	0	0	0	0	0	0	0	0	0	0.0233333333333333	0
D618N	0	0	0	0	0	0	0	0	0	0.0433333333333333	0	0	0	0
D618N	0	0	0	0	0	0.0333333333333333	0	0	0	0	0	0	0	0
D618N	0	0	0	0.00666666666666667	0	0	0	0	0	0	0	0	0	0
D619N	0	0	0	0	0	0.0133333333333333	0	0	0	0	0	0	0	0
D619E	0	0	0	0	0	0	0.0133333333333333	0	0	0	0	0	0	0
L624I	0	0	0	0	0.00666666666666667	0	0	0	0	0	0	0	0	0
P627S	0	0	0	0	0	0.0166666666666667	0	0	0	0	0	0	0	0
V632G	0	0.00666666666666667	0	0	0	0	0	0	0	0	0	0	0	0
S633N	0	0	0	0	0	0	0	0	0	0	0	0	0	0.0233333333333333
S633N	0	0	0	0	0	0	0	0	0	0	0	0	0.0833333333333333	0
S633T	0	0	0	0	0	0	0.0133333333333333	0	0	0	0	0	0	0
S633G	0	0	0.01	0	0	0	0	0	0	0	0	0	0	0
S633G	0	0	0.0233333333333333	0.00333333333333333	0	0	0	0	0	0	0	0	0	0
H634Y	0	0	0	0	0	0.0166666666666667	0	0	0	0	0	0	0	0
I637V	0	0	0	0.01	0	0	0	0	0	0	0	0	0	0
I637V	0	0	0.00666666666666667	0	0	0	0	0	0	0	0	0	0	0
I637V	0	0.01	0	0	0	0	0	0	0	0	0	0	0	0
D638N	0	0	0.00666666666666667	0	0	0	0	0	0	0	0	0	0	0
D638G	0	0.00333333333333333	0.00333333333333333	0	0	0	0	0	0	0	0	0	0	0
N642S	0	0	0	0	0	0	0.01	0	0	0	0	0	0	0
A643T	0	0	0	0	0	0	0	0	0.04	0	0	0	0	0
A643T	0	0	0.00666666666666667	0	0	0	0	0	0	0	0	0	0	0
A643T	0	0	0	0	0	0	0.01	0	0	0	0	0	0	0
V644M	0	0	0	0	0	0	0	0	0	0	0.00666666666666667	0	0	0
V645I	0	0	0	0	0	0	0	0	0	0	0.00666666666666667	0	0	0
V645I	0	0	0	0	0.0966666666666667	0.0166666666666667	0.1	0	0	0	0	0	0	0
V645I	0	0.00666666666666667	0.0166666666666667	0.0133333333333333	0	0	0	0	0	0	0	0	0	0
V645A	0	0.00333333333333333	0.00666666666666667	0	0	0	0	0	0	0	0	0	0	0
M646I	0	0	0	0	0	0	0	0	0.00666666666666667	0	0.296666666666667	0	0	0
I646M	0	0	0	0	0	0	0	0	0	0	0.0266666666666667	0	0	0
M646I	0	0	0	0	0	0	0	0	0	0	0.00666666666666667	0	0	0
M646I	0	0	0	0.0266666666666667	0.00333333333333333	0	0	0	0	0	0	0	0	0
M646I	0	0	0	0	0	0	0.0133333333333333	0	0	0	0	0	0	0
A648T	0	0	0	0	0	0	0	0	0	0	0	0	0	0.03
G650D	0	0.00333333333333333	0.00333333333333333	0	0	0	0	0	0	0	0	0	0	0
A652T	0	0	0	0	0	0	0	0	0	0	0.04	0	0	0
A652S	0	0	0	0	0	0	0	0	0	0	0	0	0	0.03
A652V	0	0	0	0	0	0	0.01	0	0	0	0	0	0	0
A652V	0	0	0	0	0	0.00666666666666667	0.03	0	0.00666666666666667	0	0	0	0	0
A652V	0	0	0	0	0.01	0	0	0	0	0	0	0	0	0
A652V	0	0	0	0.0133333333333333	0	0	0	0	0	0	0	0	0	0
A652V	0	0	0.0166666666666667	0.343333333333333	0.02	0	0	0	0	0	0	0	0	0
A652V	0	0.00666666666666667	0.0666666666666667	0.116666666666667	0.136666666666667	0.0233333333333333	0.0133333333333333	0	0	0	0	0	0	0
A652V	0	0.00333333333333333	0.00333333333333333	0	0	0	0	0	0	0	0	0	0	0
A652T	0	0	0.00666666666666667	0	0	0	0	0	0	0	0	0	0	0
T652A	0	0.00333333333333333	0.0133333333333333	0	0	0	0	0	0	0	0	0	0	0
K653Q	0	0	0	0	0	0	0	0	0	0.02	0	0	0	0
S654N	0	0	0	0	0	0	0	0	0	0	0	0	0.0833333333333333	0
S654N	0	0	0	0.00333333333333333	0.00666666666666667	0	0	0	0	0	0	0	0	0
M655V	0	0	0	0	0	0	0.02	0	0	0	0	0	0	0
I667S	0	0	0	0	0	0	0.0133333333333333	0	0	0	0	0	0	0
I667T	0	0	0	0	0.01	0	0	0	0	0	0	0	0	0
I667V	0	0	0	0	0	0.0266666666666667	0	0	0	0	0	0	0	0
K669T	0	0	0	0	0	0	0.0133333333333333	0	0	0	0	0	0	0
R680K	0	0.00333333333333333	0	0.00333333333333333	0	0	0	0	0	0	0	0	0	0
Q687H	0	0	0	0	0	0	0	0	0	0	0	0	0	0.0333333333333333
Q687H	0	0	0	0	0	0	0	0	0	0	0.0233333333333333	0	0	0
Q687H	0	0	0	0	0	0	0.01	0	0	0	0	0	0	0
Y689H	0	0	0	0	0	0.00666666666666667	0	0	0	0	0	0	0	0
Q690H	0	0	0	0	0	0	0	0	0.00666666666666667	0	0	0	0	0
K698R	0	0	0	0	0	0	0	0	0	0	0.00666666666666667	0	0	0
K698R	0	0	0	0	0.0166666666666667	0.0366666666666667	0.07	0	0	0	0	0	0	0
K698R	0	0.00333333333333333	0.00666666666666667	0	0	0	0	0	0	0	0	0	0	0
S704T	0	0	0	0	0	0	0.0166666666666667	0	0	0	0	0	0	0
R706K	0	0	0	0.0133333333333333	0.00333333333333333	0	0	0	0	0	0	0	0	0
V709I	0	0	0	0.01	0	0	0	0	0	0	0	0	0	0
V709I	0	0.00333333333333333	0.00333333333333333	0	0	0	0	0	0	0	0	0	0	0
V715M	0	0	0	0	0	0	0	0	0.0233333333333333	0	0	0	0	0
V715M	0	0	0	0.0133333333333333	0.00333333333333333	0	0	0	0	0	0	0	0	0
V715M	0	0	0	0.00666666666666667	0.00666666666666667	0	0	0	0	0	0	0	0	0
E716D	0	0	0.01	0	0	0	0	0	0	0	0	0	0	0
V719I	0	0	0	0	0	0	0	0	0.0366666666666667	0.08	0	0	0	0
V719M	0	0	0.00666666666666667	0	0	0	0	0	0	0	0	0	0	0
S720F	0	0	0	0.0133333333333333	0	0	0	0	0	0	0	0	0	0
R723Q	0	0	0.02	0	0	0	0	0	0	0	0	0	0	0
V728I	0	0	0	0	0	0	0	0	0	0	0	0	0	0.0333333333333333
V728I	0	0	0	0.0133333333333333	0	0	0	0	0	0	0	0	0	0
V728I	0	0.00666666666666667	0	0	0	0	0	0	0	0	0	0	0	0
V728I	0	0	0	0	0	0.0166666666666667	0	0	0	0	0	0	0	0
V728I	0	0.00333333333333333	0.00333333333333333	0	0	0	0	0	0	0	0	0	0	0
D729E	0	0	0	0	0	0.01	0	0	0	0	0	0	0	0
F730S	0	0.0133333333333333	0	0	0	0	0	0	0	0	0	0	0	0
R734Q	0	0	0	0	0	0	0	0	0	0	0.00666666666666667	0	0	0
I735T	0	0	0	0	0	0	0	0.0133333333333333	0	0	0	0	0	0
I735V	0	0	0	0	0.01	0	0	0	0	0	0	0	0	0
I735V	0	0.00333333333333333	0.00666666666666667	0	0	0	0	0	0	0	0	0	0	0
K736R	0	0.00333333333333333	0.00333333333333333	0	0	0	0	0	0	0	0	0	0	0
R736G	0	0.01	0.18	0.103333333333333	0	0	0	0	0	0	0	0	0	0
E739K	0	0	0	0	0	0	0	0	0	0	0.00666666666666667	0	0	0
E739D	0	0	0	0	0	0.0133333333333333	0	0	0	0	0	0	0	0
E739D	0	0	0.01	0	0	0	0	0	0	0	0	0	0	0
E739D	0	0	0	0	0.00666666666666667	0	0	0	0	0	0	0	0	0
S741A	0	0.00666666666666667	0.0166666666666667	0.0133333333333333	0	0	0	0	0	0	0	0	0	0
M744V	0	0.00666666666666667	0	0	0	0	0	0	0	0	0	0	0	0
M744I	0	0	0	0	0.00666666666666667	0	0	0	0	0	0	0	0	0
M744T	0	0	0	0	0.00666666666666667	0	0	0	0	0	0	0	0	0
K745R	0	0	0	0	0	0	0	0.04	0	0	0	0	0	0
K745R	0	0	0	0.00666666666666667	0	0	0	0	0	0	0	0	0	0
I746T	0	0	0	0	0	0	0	0	0.01	0	0	0	0	0
I750F	0	0.00666666666666667	0	0	0	0	0	0	0	0	0	0	0	0
E752D	0	0.00666666666666667	0.0166666666666667	0.0133333333333333	0	0	0	0	0	0	0	0	0	0
L753F	0	0	0	0	0	0	0	0	0	0	0.0133333333333333	0	0	0
L753F	0	0	0	0	0	0	0	0	0	0	0.00666666666666667	0	0	0
L753F	0	0	0	0	0	0	0	0	0.00666666666666667	0	0	0	0	0
L753I	0	0	0	0	0	0	0	0	0.00666666666666667	0	0	0	0	0
L753I	0	0	0	0	0	0	0	0	0.0166666666666667	0	0	0	0	0
L753F	0	0	0	0.00666666666666667	0.00666666666666667	0	0	0	0	0	0	0	0	0
R754G	0	0	0	0	0	0	0	0	0.0266666666666667	0	0	0	0	0
R754I	0	0	0	0	0.00666666666666667	0	0	0	0	0	0	0	0	0
K757R	0	0	0	0	0	0	0.01	0	0	0	0	0	0	0
