L4R	0	0.00666666666666667	0	0.00333333333333333	0	0	0	0	0	0	0	0	0	0
V7G	0	0.0166666666666667	0.0233333333333333	0.01	0	0	0.00333333333333333	0	0	0	0	0	0	0
P10H	0	0	0	0	0	0	0.01	0	0	0	0	0	0	0
P10H	0	0.02	0.03	0.00333333333333333	0	0	0.00333333333333333	0	0	0	0	0	0	0
T11I	0	0	0	0	0	0	0	0	0	0	0.0166666666666667	0.03	0.0333333333333333	0
T11I	0	0	0	0	0	0	0	0	0.0166666666666667	0	0	0	0	0
T11S	0	0	0	0	0	0	0	0.02	0	0	0	0	0	0
R12K	0	0	0	0	0	0	0	0	0.01	0.0166666666666667	0.16	0	0	0
K12R	0	0	0	0	0	0	0	0	0	0	0.00666666666666667	0	0	0
R12K	0	0	0	0	0	0	0	0	0	0	0.00666666666666667	0	0	0
R12K	0	0	0	0	0	0	0	0	0	0	0.00666666666666667	0	0	0
R12K	0	0	0	0	0.00333333333333333	0	0.00333333333333333	0	0	0	0	0	0	0
R12K	0	0	0	0	0	0	0	0	0	0.04	0	0	0	0
S13R	0	0	0	0.00333333333333333	0.00666666666666667	0	0.0133333333333333	0.0133333333333333	0.00666666666666667	0	0	0	0	0
S13G	0	0	0	0	0	0.0166666666666667	0	0	0	0	0	0	0	0
S13N	0	0.00333333333333333	0.00333333333333333	0.00333333333333333	0.0633333333333333	0.0166666666666667	0.576666666666667	0.493333333333333	0.0266666666666667	0	0	0	0	0
N13S	0	0.00333333333333333	0.00333333333333333	0	0.00333333333333333	0	0	0.0166666666666667	0	0	0	0	0	0
E16G	0	0	0	0	0	0	0	0	0	0.01	0	0	0	0
E16G	0	0	0	0	0	0	0.01	0	0	0	0	0	0	0
E16G	0	0	0	0	0	0.0566666666666667	0.03	0	0	0	0	0	0	0
E16G	0	0	0.00666666666666667	0.00666666666666667	0.00333333333333333	0	0	0	0	0	0	0	0	0
R18K	0	0	0.00333333333333333	0	0	0	0.00333333333333333	0	0	0	0	0	0	0
C19Y	0	0	0	0	0	0	0	0	0.00666666666666667	0	0	0	0	0
S20N	0	0	0	0	0	0	0	0	0	0	0.00666666666666667	0.0333333333333333	0	0
S20N	0	0	0	0	0	0	0.00666666666666667	0	0	0	0	0	0	0
S20N	0	0.00333333333333333	0	0	0.0433333333333333	0.03	0	0	0	0	0	0	0	0
D21G	0	0	0	0	0	0	0	0	0.12	0.65	0.906666666666667	0.78	0.176666666666667	0.343333333333333
G21V	0	0	0	0	0	0	0	0	0	0	0	0	0	0.01
G21V	0	0	0	0	0	0	0	0	0	0	0.0633333333333333	0.22	0.703333333333333	0.646666666666667
G21D	0	0	0	0	0	0	0	0	0	0	0	0	0.0166666666666667	0
D21G	0	0	0	0	0.00666666666666667	0	0	0	0.00333333333333333	0	0	0	0	0
D21V	0	0	0	0	0	0	0	0	0	0	0.00333333333333333	0	0	0
V21G	0	0	0	0	0.01	0.123333333333333	0.0733333333333333	0.0466666666666667	0.7	0.32	0.02	0	0.103333333333333	0
G21D	0	0	0	0	0	0	0	0	0.0166666666666667	0	0	0	0	0
D21G	0	0	0	0	0	0	0	0	0.0233333333333333	0	0	0	0	0
D24N	0	0	0.01	0.01	0.00333333333333333	0	0	0	0	0	0	0	0	0
P25S	0	0	0	0	0	0	0	0	0.07	0.0166666666666667	0	0	0	0
S25P	0	0	0	0	0	0	0	0	0.0366666666666667	0	0	0	0	0
P25S	0	0	0.00333333333333333	0.00333333333333333	0.00333333333333333	0	0	0	0	0	0	0	0	0
L26F	0	0	0	0	0	0	0	0	0	0.01	0	0	0	0
L26F	0	0	0	0.00666666666666667	0	0	0	0	0	0	0	0	0	0
V27I	0	0	0	0	0	0	0	0	0	0	0	0.0566666666666667	0	0.01
I27V	0	0	0	0	0	0	0	0	0	0	0.0866666666666667	0	0.0466666666666667	0.196666666666667
V27A	0	0	0	0	0	0	0	0	0.02	0	0	0	0	0
V27A	0	0	0	0.0133333333333333	0	0	0	0.0133333333333333	0	0	0	0	0	0
V27I	0	0	0	0.00666666666666667	0	0	0	0.00333333333333333	0	0	0	0	0	0
I27F	0	0	0	0.0133333333333333	0	0	0	0	0	0	0	0	0	0
I28F	0	0	0	0	0	0	0	0	0.00666666666666667	0	0	0	0	0
I28T	0	0	0	0	0	0	0.00666666666666667	0	0	0	0	0	0	0
I28V	0	0	0.00666666666666667	0.00333333333333333	0.01	0	0	0	0	0	0	0	0	0
A30T	0	0	0	0	0	0	0	0	0	0	0	0	0.00666666666666667	0
A30T	0	0	0	0.00666666666666667	0	0	0	0	0	0	0	0	0	0
N31S	0	0	0	0	0	0.00666666666666667	0	0	0	0	0	0	0	0
I32S	0	0	0	0	0	0	0.00666666666666667	0	0	0	0	0	0	0
I39V	0	0	0	0	0	0	0	0	0	0	0.01	0	0	0
I39T	0	0	0	0	0.00666666666666667	0	0	0	0	0	0	0	0	0
I39V	0	0	0.00666666666666667	0	0.00333333333333333	0	0	0	0	0	0	0	0	0
V39I	0	0	0	0.00333333333333333	0.00333333333333333	0	0.0133333333333333	0.0133333333333333	0.00666666666666667	0	0	0	0	0
L40F	0	0	0	0	0	0	0	0.01	0	0	0	0	0	0
I42S	0	0	0	0	0	0	0	0	0	0	0.01	0	0	0
T43I	0	0	0	0	0	0	0	0	0	0	0	0.0233333333333333	0	0
T43I	0	0	0	0	0	0	0	0	0	0	0	0	0	0.0333333333333333
T43A	0	0	0	0	0	0	0	0	0	0	0	0.05	0	0
T43I	0	0.00333333333333333	0	0	0.00333333333333333	0	0	0	0	0	0	0	0	0
T43A	0	0	0	0	0.0266666666666667	0.17	0.0533333333333333	0.0333333333333333	0.0166666666666667	0	0	0	0	0
T43A	0	0	0.01	0	0	0	0	0	0	0	0	0	0	0
F48S	0	0	0	0.00333333333333333	0.0533333333333333	0	0	0	0	0	0	0	0	0
S48F	0	0	0.00333333333333333	0.00666666666666667	0	0	0	0	0	0	0	0	0	0
I51V	0	0	0	0	0	0	0	0	0	0	0	0.0533333333333333	0	0
I51M	0	0	0	0	0	0	0	0	0.01	0	0	0	0	0
I51V	0	0	0	0	0	0	0	0	0	0	0	0.0533333333333333	0	0
I51M	0	0	0	0	0	0	0	0	0.01	0	0	0	0	0
R54P	0	0	0	0	0	0	0.0133333333333333	0	0	0	0	0	0	0
F55L	0	0.00333333333333333	0	0	0	0	0.00333333333333333	0	0	0	0	0	0	0
G58V	0	0	0	0	0.00666666666666667	0	0	0	0	0	0	0	0	0
G58V	0	0	0	0	0.00666666666666667	0	0	0	0	0	0	0	0	0
E66D	0	0	0	0	0.00666666666666667	0	0	0	0	0	0	0	0	0
E70K	0	0	0.00333333333333333	0	0	0	0.01	0	0	0	0	0	0	0
M72L	0	0	0	0	0	0	0.0133333333333333	0	0	0	0	0	0	0
E75D	0	0	0	0	0	0	0	0	0.00666666666666667	0	0	0	0	0
Q80H	0	0	0	0	0	0	0	0	0	0	0	0	0.0133333333333333	0
Q80P	0	0	0	0	0	0	0.0133333333333333	0	0	0	0	0	0	0
D85G	0	0	0	0	0	0	0.00666666666666667	0	0	0	0	0	0	0
V86G	0	0.00666666666666667	0	0.00333333333333333	0	0	0	0	0	0	0	0	0	0
G89D	0	0	0	0	0	0	0	0	0	0	0.0133333333333333	0	0	0
G89D	0	0.00333333333333333	0.0166666666666667	0.0133333333333333	0.00666666666666667	0	0	0.0166666666666667	0	0	0	0	0	0
D89G	0	0	0.00333333333333333	0	0.00333333333333333	0	0	0	0	0	0	0	0	0
G89S	0	0	0	0.00333333333333333	0.00333333333333333	0	0	0	0	0	0	0	0	0
G89S	0	0.00333333333333333	0.00333333333333333	0.00333333333333333	0	0	0	0	0	0	0	0	0	0
G89S	0	0	0	0	0	0	0.00333333333333333	0.0333333333333333	0	0	0	0	0	0
F91L	0	0.00666666666666667	0.00666666666666667	0	0	0	0	0	0	0	0	0	0	0
V92A	0	0	0	0	0	0	0	0	0.00666666666666667	0	0	0	0	0
N93S	0	0	0	0	0	0	0	0	0	0	0.00333333333333333	0	0.0133333333333333	0
N93S	0	0.00666666666666667	0.00666666666666667	0	0.00666666666666667	0	0	0	0	0	0	0	0	0
I94T	0	0	0.00333333333333333	0.01	0	0	0	0	0	0	0	0	0	0
I94K	0	0.0133333333333333	0	0	0	0	0	0	0	0	0	0	0	0
I94T	0	0	0.00333333333333333	0.01	0	0	0	0	0	0	0	0	0	0
I94K	0	0.0133333333333333	0	0	0	0	0	0	0	0	0	0	0	0
E97D	0	0	0	0	0	0	0.00333333333333333	0	0.00666666666666667	0	0	0	0	0
E97D	0	0	0	0	0	0	0.01	0	0	0	0	0	0	0
E97D	0	0	0	0	0	0	0.0133333333333333	0	0	0	0	0	0	0
E97D	0	0.0366666666666667	0.02	0.0566666666666667	0.02	0.0566666666666667	0.0233333333333333	0.133333333333333	0.02	0	0	0	0	0
