E6R	0	0	0	0	0	0	0.0466666666666667	0	0	0	0	0	0	0
D9N	0	0	0	0	0	0	0	0	0	0.0533333333333333	0	0	0	0
D9N	0	0	0	0	0.00333333333333333	0.186666666666667	0.00666666666666667	0	0	0	0	0	0	0
L10Q	0	0.00333333333333333	0	0.00333333333333333	0	0	0	0	0	0	0	0	0	0
Q13H	0	0	0	0	0	0	0	0	0	0	0.0266666666666667	0	0	0
H13Q	0	0	0	0	0	0	0	0	0	0	0.01	0	0	0
T21I	0	0	0	0	0	0	0	0	0.01	0	0	0	0	0
T23I	0	0.00666666666666667	0	0	0	0	0	0	0	0	0	0	0	0
I30V	0	0	0	0.00666666666666667	0	0	0	0	0	0	0	0	0	0
I31V	0	0	0	0	0	0	0	0	0	0	0	0	0	0.01
K33R	0	0	0	0	0	0	0	0	0.00666666666666667	0	0	0	0	0
G37A	0	0.01	0.00333333333333333	0	0	0	0	0	0	0	0	0	0	0
A44T	0	0	0	0	0	0	0	0	0	0	0.00666666666666667	0	0	0
M47T	0	0.00333333333333333	0.00333333333333333	0.0133333333333333	0	0	0	0	0	0	0	0	0	0
R54K	0	0	0	0	0	0	0.04	0.05	0.84	1	0.956666666666667	1	1	1
K54R	0	0	0	0	0	0	0	0	0.00333333333333333	0	0.00666666666666667	0	0	0
R54K	0	0	0	0	0	0	0	0	0.0166666666666667	0	0	0	0	0
R54K	0	0	0	0	0	0	0	0	0.0133333333333333	0	0	0	0	0
R54K	0	0	0	0	0	0	0	0	0.0133333333333333	0	0	0	0	0
R54K	0	0	0	0.00666666666666667	0	0	0	0	0	0	0	0	0	0
R54K	0	0	0.00333333333333333	0.00333333333333333	0	0	0	0	0	0	0	0	0	0
R54K	0	0	0	0	0	0	0.00666666666666667	0	0	0	0	0	0	0
R54K	0	0	0	0.0233333333333333	0	0.03	0	0	0	0	0	0	0	0
R54K	0	0.00333333333333333	0	0	0	0	0	0.0433333333333333	0.01	0	0.03	0	0	0
K54R	0	0	0	0	0	0	0	0	0	0	0.00666666666666667	0	0	0
Y55H	0	0	0	0	0	0	0.01	0	0	0	0	0	0	0
I57V	0	0	0.00666666666666667	0	0	0	0	0	0	0	0	0	0	0
D60N	0	0	0	0	0	0	0	0	0	0.0166666666666667	0	0	0	0
D60G	0	0	0	0	0.01	0	0	0	0	0	0	0	0	0
D60N	0	0	0.01	0	0	0	0	0	0	0	0	0	0	0
D60N	0	0.00666666666666667	0	0	0	0	0	0	0	0	0	0	0	0
D60N	0	0	0	0	0.00666666666666667	0	0	0	0	0	0	0	0	0
R62I	0	0	0	0	0	0	0	0	0	0	0	0	0.0233333333333333	0
R62K	0	0	0	0	0	0	0	0	0	0	0	0	0.0166666666666667	0
I63T	0	0	0	0	0	0.02	0	0	0	0	0	0	0	0
D65G	0	0	0	0	0	0	0	0	0	0	0	0	0	0.03
D65N	0	0	0	0	0	0	0	0	0.01	0	0	0	0	0
D65N	0	0.00666666666666667	0	0	0	0	0	0	0	0	0	0	0	0
M66I	0	0	0	0	0	0	0.04	0.05	0.86	1	0.953333333333333	1	1	1
I66V	0	0	0	0	0	0	0	0	0	0	0.01	0	0	0
M66V	0	0	0	0	0	0	0	0	0.01	0	0	0	0	0
M66T	0	0.01	0	0	0	0	0	0	0	0	0	0	0	0
M66I	0	0.00333333333333333	0	0	0	0	0	0.0433333333333333	0.01	0	0.0266666666666667	0	0	0
I66M	0	0	0	0	0	0	0	0	0	0	0.00666666666666667	0	0	0
R70K	0	0	0	0	0	0	0	0	0	0	0.01	0	0	0
R70K	0	0	0.00666666666666667	0	0	0	0	0	0	0	0	0	0	0
Q73K	0	0	0	0	0	0	0	0	0	0	0	0	0	0.0166666666666667
Q75H	0	0.00666666666666667	0	0	0	0	0	0	0	0	0	0	0	0
T76P	0	0	0.0266666666666667	0.01	0	0	0	0	0	0	0	0	0	0
S79N	0	0	0.00666666666666667	0.00333333333333333	0	0	0	0	0	0	0	0	0	0
T81A	0	0	0	0	0	0	0	0	0.01	0	0	0	0	0
T81A	0	0	0	0	0	0	0	0	0.00666666666666667	0	0	0	0	0
N82S	0	0	0.00333333333333333	0	0	0	0	0	0.00333333333333333	0	0	0	0	0
N82S	0	0	0	0.01	0.02	0.0733333333333333	0.01	0	0	0	0	0	0	0
N82R	0	0	0	0	0	0.0166666666666667	0	0.04	0	0	0	0	0	0
D87N	0	0	0	0	0	0	0	0	0	0.01	0	0	0	0
D87N	0	0	0.01	0	0	0	0	0	0	0	0	0	0	0
V89M	0	0	0	0	0.01	0	0	0	0	0	0	0	0	0
V89M	0	0	0	0.00666666666666667	0	0	0	0	0	0	0	0	0	0
M90V	0	0	0	0	0	0	0.00666666666666667	0	0	0	0	0	0	0
M90V	0	0	0	0	0.01	0	0	0	0	0	0	0	0	0
M90V	0	0	0	0.01	0.0366666666666667	0	0.0133333333333333	0	0	0	0	0	0	0
L94M	0	0	0	0	0	0	0	0	0	0	0.00666666666666667	0	0	0
V96I	0	0	0	0	0	0	0	0	0	0.07	0	0	0	0
V96I	0	0	0	0	0.01	0	0	0	0	0	0	0	0	0
V96I	0	0	0.00666666666666667	0	0	0	0	0	0	0	0	0	0	0
V96I	0	0	0	0	0	0	0.01	0	0	0	0	0	0	0
V96I	0	0	0	0	0	0	0	0	0	0	0.01	0	0	0
N100H	0	0	0	0.00333333333333333	0.00333333333333333	0	0	0	0	0	0	0	0	0
T105K	0	0	0	0	0	0	0	0	0.0966666666666667	0.01	0	0	0	0
T106A	0	0	0	0	0	0	0	0	0	0	0	0	0	0.0933333333333333
T106A	0	0	0	0.00666666666666667	0	0	0	0	0	0	0	0	0	0
S107N	0	0	0	0	0	0	0	0	0	0	0	0	0.01	0
S107C	0	0	0	0	0	0	0.01	0	0	0	0	0	0	0
S107N	0	0.01	0	0	0	0	0	0	0	0	0	0	0	0
S107N	0	0	0	0	0.07	0.22	0.03	0	0	0	0	0	0	0
V109I	0	0	0	0	0	0	0	0	0	0	0	0	0	0.0633333333333333
V109F	0	0	0	0	0	0	0	0.05	0	0	0	0	0	0
Y118H	0	0.00333333333333333	0	0.00333333333333333	0	0	0	0	0	0	0	0	0	0
V122I	0	0	0	0.00666666666666667	0	0	0	0	0	0	0	0	0	0
E123G	0	0	0	0	0	0	0.01	0	0	0	0	0	0	0
L125F	0	0	0	0.00666666666666667	0	0	0	0	0	0	0	0	0	0
H127R	0	0	0	0	0	0	0	0	0	0	0	0	0.0333333333333333	0
H127Y	0	0	0	0	0.0166666666666667	0	0	0	0	0	0	0	0	0
H127Y	0	0	0.02	0	0	0	0	0	0	0	0	0	0	0
H127N	0	0	0	0.0233333333333333	0	0	0	0	0	0	0	0	0	0
H127Y	0	0.0133333333333333	0	0	0	0	0	0	0	0	0	0	0	0
H134R	0	0	0	0	0	0	0.0133333333333333	0	0	0	0	0	0	0
V139I	0	0	0	0	0	0	0	0	0	0	0	0	0	0.04
T147I	0	0	0	0	0	0	0	0	0	0	0.01	0	0	0
T147K	0	0.00333333333333333	0.00333333333333333	0	0	0	0	0	0	0	0	0	0	0
N148T	0	0	0	0	0	0	0.0166666666666667	0	0	0	0	0	0	0
A152T	0	0	0	0.01	0.00666666666666667	0.0433333333333333	0	0	0	0	0	0	0	0
L154I	0	0.0133333333333333	0.0333333333333333	0	0	0	0	0	0	0	0	0	0	0
S155N	0	0	0	0	0	0	0	0	0.00666666666666667	0	0	0	0	0
S155N	0	0	0	0	0.01	0	0	0	0	0	0	0	0	0
S155N	0	0.00666666666666667	0	0	0	0	0	0	0	0	0	0	0	0
A156V	0	0	0	0	0	0	0.00666666666666667	0	0	0	0	0	0	0
K157Q	0	0	0	0	0	0	0	0	0	0	0	0.45	0	0
E158K	0	0	0	0	0	0	0	0.0233333333333333	0	0	0	0	0	0
D161N	0	0	0	0	0	0.01	0	0	0	0	0	0	0	0
D161N	0	0	0	0	0	0	0	0	0.00666666666666667	0	0	0	0	0
M164I	0	0	0	0	0	0	0	0	0	0	0.0133333333333333	0	0	0
V166I	0	0	0	0.00666666666666667	0	0	0	0	0	0	0	0	0	0
F168Y	0	0	0	0	0	0.0866666666666667	0	0	0	0	0	0	0	0
A174P	0	0	0	0	0	0	0	0	0	0	0	0	0	0.0433333333333333
R175K	0	0	0	0	0	0.02	0	0	0	0	0	0	0	0
I176L	0	0	0	0.00666666666666667	0.00333333333333333	0	0	0	0	0	0	0	0	0
E180G	0	0	0	0	0	0	0	0	0	0.0166666666666667	0	0	0	0
L183M	0	0	0	0	0	0.03	0	0	0	0	0	0	0	0
A184T	0	0	0	0	0	0	0	0	0	0	0.0233333333333333	0	0.763333333333333	0.533333333333333
T184A	0	0	0	0	0	0	0	0	0	0	0	0	0	0.04
A184V	0	0	0	0	0	0	0	0	0	0	0.00666666666666667	0	0	0
A184T	0	0	0	0	0	0	0	0.0566666666666667	0	0	0	0	0	0
A184T	0	0.00333333333333333	0.00333333333333333	0	0	0	0	0	0	0	0	0	0	0
I185M	0	0	0	0.0133333333333333	0	0	0	0	0	0	0	0	0	0
I185V	0	0.00666666666666667	0	0	0	0	0	0	0	0	0	0	0	0
T186I	0	0	0	0	0	0	0	0	0.00666666666666667	0	0	0	0	0
E191G	0	0	0	0.00666666666666667	0	0	0	0.04	0	0	0	0	0	0
E191G	0	0	0	0	0.00333333333333333	0.01	0	0	0	0	0	0	0	0
E191K	0	0	0.0633333333333333	0	0	0	0.00666666666666667	0	0	0	0	0	0	0
E191K	0	0	0	0.00666666666666667	0.00333333333333333	0	0	0	0	0	0	0	0	0
Q194H	0	0	0.00666666666666667	0	0.03	0.01	0	0	0	0	0	0	0	0
Q194H	0	0.00333333333333333	0.00333333333333333	0	0	0	0	0	0	0	0	0	0	0
D195N	0	0	0.00333333333333333	0.01	0.1	0.23	0.17	0.05	0.96	1	0.963333333333333	1	1	1
N195D	0	0	0	0.00666666666666667	0.04	0.06	0.0266666666666667	0.04	0	0	0	0	0	0
D195N	0	0	0	0	0	0	0	0	0.01	0	0	0	0	0
I198V	0	0	0	0.00666666666666667	0	0	0	0	0	0	0	0	0	0
A199T	0	0	0.00333333333333333	0.00666666666666667	0	0	0	0	0	0	0	0	0	0
Y205H	0	0	0	0	0	0	0	0	0	0	0	0	0	0.0166666666666667
L211M	0	0	0	0	0	0.06	0	0	0	0	0	0	0	0
K214R	0	0	0	0.01	0.0366666666666667	0	0.0133333333333333	0	0	0	0	0	0	0
R216K	0	0	0	0	0	0	0	0.04	0	0	0	0	0	0
R216G	0	0	0	0	0	0.02	0	0	0	0	0	0	0	0
V220I	0	0	0	0	0	0	0	0.0233333333333333	0	0	0	0	0	0
A221S	0	0	0	0.01	0.1	0.22	0.03	0	0	0	0	0	0	0
G225S	0	0	0	0	0	0	0	0	0	0	0	0	0	0.0233333333333333
V227A	0	0	0	0	0	0	0.0266666666666667	0	0	0	0	0	0	0
V227I	0	0	0	0	0	0	0	0.0566666666666667	0	0	0	0	0	0
V227I	0	0	0	0	0	0.0333333333333333	0	0	0	0	0	0	0	0
V227I	0	0	0	0.00666666666666667	0	0	0	0	0	0	0	0	0	0
V227I	0	0	0	0.00666666666666667	0	0	0	0	0	0	0	0	0	0
V227I	0	0	0.01	0	0	0	0	0	0	0	0	0	0	0
V227I	0	0	0	0	0	0	0.00666666666666667	0	0	0	0	0	0	0
V227S	0	0	0.00333333333333333	0.00666666666666667	0	0	0	0	0	0	0	0	0	0
E241G	0	0	0	0.00666666666666667	0	0	0	0	0	0	0	0	0	0
M243L	0	0.00666666666666667	0	0	0	0	0	0	0	0	0	0	0	0
E249D	0	0	0	0	0	0	0	0	0	0	0.00666666666666667	0	0	0
R251K	0	0	0	0	0	0	0	0	0.0366666666666667	0.656666666666667	0.0233333333333333	0	0	0
R251K	0	0	0	0.0133333333333333	0	0	0	0	0	0	0	0	0	0
R251K	0	0	0	0	0	0	0	0.03	0	0	0	0	0	0
R251K	0	0	0	0	0	0.0266666666666667	0	0	0	0	0	0	0	0
R251K	0	0.00666666666666667	0.03	0.00333333333333333	0	0	0	0	0	0	0	0	0	0
R251K	0	0	0	0.00666666666666667	0	0	0	0	0	0	0	0	0	0
R251K	0	0.00333333333333333	0.00333333333333333	0	0	0	0	0	0	0	0	0	0	0
R251K	0	0	0	0	0	0	0.00666666666666667	0	0	0	0	0	0	0
D254E	0	0	0	0	0	0	0.0133333333333333	0	0	0	0	0	0	0
V255L	0	0	0	0	0	0	0	0	0.00666666666666667	0	0	0	0	0
V255I	0	0	0	0	0.02	0	0	0	0	0	0	0	0	0
V255I	0	0	0	0.00666666666666667	0	0	0	0	0	0	0	0	0	0
V255I	0	0	0	0	0.0166666666666667	0	0.01	0	0	0	0	0	0	0
V255I	0	0	0	0.11	0.07	0.00666666666666667	0.0133333333333333	0	0	0	0	0	0	0
V255I	0	0	0.00333333333333333	0.00666666666666667	0	0	0	0	0	0	0	0	0	0
I261V	0	0	0	0.00666666666666667	0	0	0	0.04	0	0	0	0	0	0
I261V	0	0	0	0.00666666666666667	0.00333333333333333	0	0	0	0	0	0	0	0	0
N265T	0	0	0	0	0	0	0	0	0	0	0.0133333333333333	0	0	0
V267I	0	0	0	0	0	0	0	0	0	0	0.00666666666666667	0	0	0
V267I	0	0	0	0	0	0	0	0	0	0	0.00666666666666667	0	0	0
V267I	0	0	0	0.00666666666666667	0.00333333333333333	0	0	0	0	0	0	0	0	0
A271T	0	0	0	0	0	0	0	0	0	0	0	0	0	0.04
A274S	0	0	0	0	0	0	0	0	0	0.00666666666666667	0	0	0	0
L277I	0	0	0	0.01	0	0	0	0	0	0	0	0	0	0
A278E	0	0	0	0	0	0	0	0	0	0.01	0	0	0	0
A278V	0	0	0	0.00666666666666667	0	0.03	0	0	0	0	0	0	0	0
M283L	0	0	0	0	0.00666666666666667	0	0	0	0	0	0	0	0	0
S286G	0	0	0.00666666666666667	0	0	0	0	0	0	0	0	0	0	0
Q288P	0	0	0	0.00666666666666667	0	0	0	0	0	0	0	0	0	0
I289V	0	0	0	0	0	0	0	0	0	0.01	0	0	0	0
V292G	0	0	0	0	0	0.02	0	0	0	0	0	0	0	0
V292I	0	0.0333333333333333	0	0.00333333333333333	0	0	0	0	0	0	0	0	0	0
R293K	0	0	0.00333333333333333	0	0.09	0.213333333333333	0.15	0.0266666666666667	0.96	1	0.956666666666667	1	1	1
K293N	0	0	0	0	0	0	0	0	0	0	0.00666666666666667	0	0	0
K293R	0	0	0	0	0	0	0	0.0233333333333333	0	0	0	0	0	0
K293R	0	0	0	0	0	0	0.02	0	0	0	0	0	0	0
K293R	0	0	0	0	0	0.0166666666666667	0	0	0	0	0	0	0	0
R293K	0	0	0	0.00666666666666667	0	0	0	0.04	0	0	0	0	0	0
R293K	0	0	0	0	0.01	0	0	0	0	0	0	0	0	0
R293K	0	0	0	0	0.01	0	0	0	0	0	0	0	0	0
R293K	0	0.00333333333333333	0	0	0	0	0	0.0433333333333333	0	0	0	0	0	0
V295M	0	0	0	0	0	0.01	0	0	0	0	0	0	0	0
V295M	0	0	0	0	0.01	0	0	0	0	0	0	0	0	0
V295M	0	0	0	0	0	0	0	0.05	0	0	0	0	0	0
V295M	0	0	0	0.0133333333333333	0	0	0	0	0	0	0	0	0	0
I297F	0	0	0	0	0	0	0	0	0	0	0.0133333333333333	0	0	0
R299K	0	0	0	0	0	0	0	0	0	0	0	0	0.0866666666666667	0.233333333333333
R299K	0	0	0	0	0	0	0	0	0	0	0	0.11	0	0
R299K	0	0	0	0	0	0	0	0	0	0	0.0133333333333333	0	0	0
R299K	0	0	0	0	0	0	0	0.0266666666666667	0	0	0	0	0	0
R299K	0	0	0	0	0	0	0	0	0.02	0	0	0	0	0
R299K	0	0	0	0.00333333333333333	0.22	0.153333333333333	0.143333333333333	0.36	0.0233333333333333	0	0	0	0	0
R299K	0	0.00333333333333333	0	0	0	0	0	0.0433333333333333	0	0	0	0	0	0
T303I	0	0	0	0	0	0	0	0	0.00666666666666667	0	0	0	0	0
T303I	0	0	0	0	0	0	0	0.05	0	0	0	0	0	0
V308I	0	0	0	0	0	0	0	0	0	0	0.0133333333333333	0	0	0
V308I	0	0	0	0	0	0	0.01	0	0	0	0	0	0	0
D309E	0	0	0	0	0	0	0	0	0	0	0	0.45	0	0
R318K	0	0	0.01	0	0	0	0	0	0	0	0	0	0	0
F323L	0	0	0	0	0	0	0.0133333333333333	0	0	0	0	0	0	0
F325L	0	0	0.00333333333333333	0.00666666666666667	0	0	0	0	0	0	0	0	0	0
F328Y	0	0	0	0.00666666666666667	0	0	0	0	0	0	0	0	0	0
F330L	0	0	0	0	0.00666666666666667	0	0	0	0	0	0	0	0	0
R332K	0	0	0	0	0	0	0	0	0	0	0	0.2	0	0
R332G	0	0.00333333333333333	0.00333333333333333	0.0133333333333333	0	0	0	0	0	0	0	0	0	0
S334N	0	0	0.01	0	0	0	0	0	0	0	0	0	0	0
S336T	0	0	0	0	0	0	0	0	0	0	0.00666666666666667	0	0	0
V338I	0	0	0	0	0	0	0	0	0	0.0133333333333333	0	0	0	0
V338I	0	0	0	0.0166666666666667	0	0	0	0	0	0	0	0	0	0
V338I	0	0	0.0266666666666667	0.01	0	0	0	0	0	0	0	0	0	0
K339R	0	0.00333333333333333	0	0.00333333333333333	0	0	0	0	0	0	0	0	0	0
K340R	0	0	0	0	0	0	0.00666666666666667	0	0	0	0	0	0	0
K340T	0	0.00333333333333333	0.00333333333333333	0.00666666666666667	0	0	0	0	0	0	0	0	0	0
K340N	0	0	0	0	0	0.00666666666666667	0	0	0	0	0	0	0	0
K340N	0	0.00666666666666667	0.0933333333333333	0	0	0	0	0	0.00333333333333333	0	0	0	0	0
K340T	0	0	0	0.00666666666666667	0	0.03	0	0	0	0	0	0	0	0
K340N	0	0.00333333333333333	0	0.00333333333333333	0	0	0	0	0	0	0	0	0	0
V344M	0	0.00666666666666667	0.0266666666666667	0.23	0.643333333333333	0.59	0.926666666666667	0.916666666666667	0.98	1	0.946666666666667	1	1	0.976666666666667
M344L	0	0	0	0	0	0	0	0	0	0	0	0	0	0.0233333333333333
M344L	0	0	0	0	0	0	0	0	0	0	0.0166666666666667	0	0	0
M344I	0	0	0	0	0	0	0	0	0.00666666666666667	0	0	0	0	0
V344M	0	0	0.00666666666666667	0	0	0	0	0	0	0	0	0	0	0
V344M	0	0	0.01	0	0	0	0	0	0	0	0	0	0	0
V344M	0	0	0	0.05	0.0866666666666667	0.143333333333333	0.01	0.04	0	0	0	0	0	0
V344M	0	0.00666666666666667	0	0	0	0	0	0	0	0	0	0	0	0
T351A	0	0.00666666666666667	0	0	0	0	0	0	0	0	0	0	0	0
K353R	0	0	0.00666666666666667	0	0	0	0	0	0	0	0	0	0	0
I354L	0	0	0.02	0.23	0.64	0.59	0.926666666666667	0.916666666666667	0.976666666666667	1	0.963333333333333	1	1	1
L354I	0	0	0	0	0	0	0	0	0.01	0	0	0	0	0
I354L	0	0	0	0.05	0.0866666666666667	0.113333333333333	0.01	0.04	0	0	0	0	0	0
L354M	0	0	0	0	0	0.03	0	0	0	0	0	0	0	0
I354L	0	0	0	0	0	0	0	0	0	0	0.00666666666666667	0	0	0
V356I	0	0	0	0	0.01	0	0	0	0	0	0	0	0	0
V356I	0	0	0.00666666666666667	0	0	0	0	0	0	0	0	0	0	0
V356I	0	0	0.00333333333333333	0.00666666666666667	0	0	0	0	0	0	0	0	0	0
V356I	0	0	0	0.0166666666666667	0	0	0	0	0	0	0	0	0	0
H357Y	0	0	0	0	0	0	0	0	0.00666666666666667	0	0	0	0	0
E358G	0	0	0	0.00333333333333333	0.00333333333333333	0	0	0	0	0	0	0	0	0
T364I	0	0	0	0	0	0.01	0	0	0	0	0	0	0	0
G367A	0	0	0	0.0133333333333333	0	0	0	0	0	0	0	0	0	0
R368K	0	0	0	0	0	0	0	0	0	0	0.0266666666666667	0	0	0
R368K	0	0	0	0	0	0	0	0	0.00666666666666667	0	0	0	0	0
R368K	0	0	0	0	0	0	0.00666666666666667	0	0	0	0	0	0	0
R368K	0	0	0.00666666666666667	0	0	0	0	0	0	0	0	0	0	0
R368K	0	0.00666666666666667	0.01	0	0	0	0	0	0	0	0	0	0	0
I373C	0	0	0.00333333333333333	0.00666666666666667	0	0	0	0	0	0	0	0	0	0
L374F	0	0	0	0	0.0133333333333333	0	0	0	0	0	0	0	0	0
R375G	0	0	0	0	0.00666666666666667	0	0	0	0	0	0	0	0	0
R379K	0	0	0	0.02	0	0	0	0	0	0	0	0	0	0
I382V	0	0	0	0	0	0	0	0	0	0.01	0	0	0	0
I382V	0	0.00666666666666667	0.00333333333333333	0	0	0	0	0	0	0	0	0	0	0
V382I	0	0.02	0.00333333333333333	0	0	0	0	0	0	0	0	0	0	0
Q383H	0	0	0	0	0	0	0.0133333333333333	0	0	0	0	0	0	0
L384F	0	0	0	0.01	0.00666666666666667	0.0433333333333333	0	0	0	0	0	0	0	0
S387N	0	0	0	0	0	0	0	0	0	0.0233333333333333	0	0	0	0
R389K	0	0	0	0	0	0	0	0	0	0	0	0	0.06	0.1
R389K	0	0	0	0	0	0	0	0	0	0	0.0133333333333333	0	0	0
R389K	0	0	0	0	0	0	0	0	0	0	0.0133333333333333	0	0	0
R389K	0	0	0	0	0	0	0	0	0.02	0	0.236666666666667	0	0	0
R389K	0	0	0	0	0.00666666666666667	0	0	0	0	0	0	0	0	0
E391G	0	0	0	0	0	0	0	0	0	0	0.01	0	0	0
Q392H	0	0	0	0	0	0	0	0	0	0	0	0	0	0.0333333333333333
S393A	0	0	0	0	0	0	0	0	0	0	0.01	0	0	0
A395V	0	0	0.00666666666666667	0.00333333333333333	0	0	0	0	0	0	0	0	0	0
E396D	0	0	0	0	0	0	0	0	0	0	0.01	0	0	0
I398T	0	0	0	0	0	0	0	0	0	0	0	0	0	0.0266666666666667
I398V	0	0	0	0	0	0	0	0	0	0	0.00666666666666667	0	0	0
I398V	0	0	0	0	0	0	0	0	0	0	0.0133333333333333	0	0	0
V400G	0	0	0	0	0	0	0.0133333333333333	0	0	0	0	0	0	0
V403I	0	0	0	0.0166666666666667	0	0	0	0	0	0	0	0	0	0
D408N	0	0	0	0	0	0	0	0	0	0	0.00666666666666667	0	0	0
I411V	0	0	0	0.01	0.00666666666666667	0.0433333333333333	0	0	0	0	0	0	0	0
V414I	0	0	0	0	0	0	0	0	0	0	0	0	0	0.0433333333333333
V414I	0	0	0.01	0	0	0	0	0	0	0	0	0	0	0
A424V	0	0	0	0	0	0	0	0	0.00666666666666667	0	0	0	0	0
L434P	0	0.00333333333333333	0.00333333333333333	0	0	0	0	0	0	0	0	0	0	0
Q439H	0	0	0	0.00666666666666667	0	0	0	0	0	0	0	0	0	0
D441E	0	0	0	0	0	0	0	0	0	0.0133333333333333	0	0	0	0
D441H	0	0	0	0.00666666666666667	0	0	0	0	0	0	0	0	0	0
V444M	0	0	0	0	0	0.0133333333333333	0	0	0	0	0	0	0	0
Q447H	0	0	0	0	0	0	0	0	0	0	0	0	0	0.0766666666666667
S453T	0	0	0	0	0	0	0	0	0	0	0	0	0.0866666666666667	0.233333333333333
T453P	0	0	0	0	0	0	0	0	0	0	0	0	0.126666666666667	0.193333333333333
S453P	0	0	0	0	0	0	0	0	0	0.01	0	0	0	0
S453A	0	0	0	0	0	0	0.00666666666666667	0	0	0	0	0	0	0
I454M	0	0	0	0	0	0	0	0.03	0	0	0	0	0	0
N456D	0	0	0	0	0	0	0	0	0	0	0	0	0.0166666666666667	0
N456S	0	0	0	0	0	0	0.01	0	0.00333333333333333	0	0	0	0	0
N456S	0	0	0	0.00333333333333333	0.2	0.153333333333333	0.143333333333333	0.36	0.0233333333333333	0	0	0	0	0
N456S	0	0	0.00666666666666667	0	0	0	0	0	0	0	0	0	0	0
V457M	0	0.00333333333333333	0.00333333333333333	0.0133333333333333	0	0	0	0	0	0	0	0	0	0
I461V	0	0	0	0	0.03	0.01	0	0	0	0	0	0	0	0
I461V	0	0	0.0466666666666667	0.0266666666666667	0	0	0	0	0	0	0	0	0	0
I461V	0	0.00333333333333333	0.00333333333333333	0	0	0	0	0	0	0	0	0	0	0
L464Q	0	0	0	0	0.00666666666666667	0	0	0	0	0	0	0	0	0
L464V	0	0	0	0	0	0	0	0.03	0	0	0	0	0	0
S470N	0	0	0	0	0	0	0	0	0	0	0	0	0	0.0633333333333333
S470N	0	0	0	0	0	0.02	0	0	0	0	0	0	0	0
S470N	0	0	0.00666666666666667	0	0	0	0	0	0	0	0	0	0	0
T471M	0	0	0	0	0	0	0	0	0	0	0.0633333333333333	0	0	0
T471M	0	0	0	0	0.00666666666666667	0	0	0	0	0	0	0	0	0
T471M	0	0	0	0	0.00666666666666667	0	0	0	0	0	0	0	0	0
T471M	0	0.00666666666666667	0	0	0	0	0	0	0	0	0	0	0	0
M473V	0	0	0	0	0	0	0	0	0	0	0	0	0	0.0333333333333333
M473V	0	0	0	0	0	0	0	0	0	0	0.0133333333333333	0	0	0
M473V	0	0	0	0	0	0	0	0	0	0.0166666666666667	0	0	0	0
M473V	0	0	0	0	0	0	0	0.15	0.0133333333333333	0	0	0	0	0
M473V	0	0	0	0	0.0166666666666667	0.01	0	0	0	0	0	0	0	0
M473T	0	0	0	0.00333333333333333	0.00333333333333333	0	0	0	0	0	0	0	0	0
L475M	0	0	0	0	0	0	0	0	0	0	0.00666666666666667	0	0	0
L475R	0	0	0	0	0	0.0166666666666667	0	0	0	0	0	0	0	0
R476E	0	0	0	0	0	0.0166666666666667	0	0	0	0	0	0	0	0
G477R	0	0	0.00333333333333333	0.00666666666666667	0	0	0	0	0	0	0	0	0	0
I478V	0	0	0	0.00333333333333333	0.00333333333333333	0	0	0	0	0	0	0	0	0
R479K	0	0.00666666666666667	0	0	0	0	0	0	0	0	0	0	0	0
V480A	0	0	0	0.00666666666666667	0	0	0	0	0	0	0	0	0	0
V480I	0	0.0133333333333333	0.00333333333333333	0	0	0	0	0	0	0	0	0	0	0
V480I	0	0	0.0133333333333333	0	0	0	0	0	0	0	0	0	0	0
M483V	0	0	0	0	0	0	0	0	0	0	0	0	0	0.0633333333333333
E487G	0	0.00333333333333333	0.00333333333333333	0.0133333333333333	0	0	0	0	0	0	0	0	0	0
S490R	0	0	0.00666666666666667	0	0	0	0	0	0	0	0	0	0	0
E492D	0	0	0	0	0	0	0	0.03	0	0	0	0	0	0
S497N	0	0	0	0	0	0	0	0	0	0	0	0	0	0.0633333333333333
S497C	0	0	0	0	0	0	0	0	0	0	0	0	0.00666666666666667	0
S497N	0	0	0	0	0	0	0	0	0	0	0.01	0	0	0
N497S	0	0	0	0	0	0	0	0	0	0	0.00666666666666667	0	0	0
S497N	0	0	0	0	0	0	0	0	0	0	0.0166666666666667	0	0	0
S497N	0	0	0	0	0	0	0	0	0.0133333333333333	0	0	0	0	0
R505K	0	0	0	0	0	0	0.00666666666666667	0	0	0	0	0	0	0
Q507K	0	0	0	0	0	0	0	0	0.00666666666666667	0	0	0	0	0
Q507H	0	0	0	0	0.00666666666666667	0	0	0	0	0	0	0	0	0
V511I	0	0	0	0	0	0	0	0.0433333333333333	0	0	0	0	0	0
V511I	0	0	0	0	0.0133333333333333	0	0	0	0	0	0	0	0	0
V511I	0	0	0	0.11	0.07	0.00666666666666667	0.0133333333333333	0	0	0	0	0	0	0
E517K	0	0	0	0	0	0	0.0266666666666667	0	0	0	0	0	0	0
K517E	0	0	0	0	0	0	0.00666666666666667	0	0	0	0	0	0	0
Q522H	0	0	0	0	0	0	0.0133333333333333	0	0	0	0	0	0	0
T524N	0	0	0	0	0	0	0	0	0	0	0.0166666666666667	0	0	0
T524N	0	0	0	0	0	0	0	0.0566666666666667	0	0	0	0	0	0
T524N	0	0	0.00666666666666667	0	0	0	0	0	0	0	0	0	0	0
K526R	0	0.00666666666666667	0	0	0	0	0	0	0	0	0	0	0	0
K526R	0	0.0333333333333333	0	0	0	0	0	0	0	0	0	0	0	0
S532L	0	0	0	0	0	0	0	0	0.00666666666666667	0	0	0	0	0
V547I	0	0.00666666666666667	0	0	0	0	0	0	0	0	0	0	0	0
V547I	0	0	0	0.0233333333333333	0.0133333333333333	0.00666666666666667	0	0	0	0	0	0	0	0
I553V	0	0	0	0	0	0	0	0	0	0	0.01	0	0	0
R555K	0	0	0	0	0	0	0	0	0	0	0.00666666666666667	0	0	0
R555K	0	0	0	0	0	0	0	0	0	0.06	0	0	0	0
R555K	0	0	0	0	0	0	0.0133333333333333	0.283333333333333	0	0	0	0	0	0
N556S	0	0	0.0233333333333333	0	0	0	0	0	0	0	0	0	0	0
V560M	0	0	0	0	0.01	0.0333333333333333	0	0	0	0	0	0	0	0
I562L	0	0	0	0	0	0	0	0	0	0	0	0	0.0166666666666667	0
D567N	0	0	0	0	0.00333333333333333	0.00666666666666667	0	0	0	0	0	0	0	0
D567Y	0	0	0	0.00666666666666667	0	0	0	0	0	0	0	0	0	0
M570I	0	0	0	0.01	0	0	0	0	0	0	0	0	0	0
M570I	0	0	0	0	0	0.00666666666666667	0	0	0	0	0	0	0	0
V584I	0	0	0	0	0	0	0	0	0	0	0	0	0.0133333333333333	0
V584I	0	0	0	0	0	0.0266666666666667	0	0	0	0	0	0	0	0
V584I	0	0	0	0	0.02	0	0	0	0	0	0	0	0	0
V584I	0	0	0	0.0766666666666667	0.02	0	0	0	0	0	0	0	0	0
T588A	0	0	0	0	0	0	0	0	0	0.0166666666666667	0	0	0	0
T588I	0	0	0	0	0	0	0	0.0333333333333333	0	0	0	0	0	0
T588I	0	0	0	0	0.00666666666666667	0	0	0	0	0	0	0	0	0
T588I	0	0	0	0.01	0	0	0	0	0	0	0	0	0	0
T588I	0	0	0.0266666666666667	0	0.03	0	0.01	0	0	0	0	0	0	0
I588T	0	0.00333333333333333	0	0.00333333333333333	0.0833333333333333	0.22	0.03	0	0	0	0	0	0	0
T588I	0	0	0	0.00666666666666667	0.0166666666666667	0	0	0	0	0	0	0	0	0
T588I	0	0	0	0.01	0.0366666666666667	0	0.0133333333333333	0	0	0	0	0	0	0
T588I	0	0	0	0.00666666666666667	0	0	0	0	0	0	0	0	0	0
T588I	0	0	0	0	0	0.03	0	0	0	0	0	0	0	0
T588I	0	0	0	0.00333333333333333	0.00333333333333333	0	0	0	0	0	0	0	0	0
T588I	0	0.00666666666666667	0	0	0	0	0	0	0	0	0	0	0	0
S590N	0	0	0	0	0	0	0	0	0	0	0.0133333333333333	0	0	0
S590N	0	0	0	0	0	0.0233333333333333	0	0	0	0	0	0	0	0
S590N	0	0	0	0.01	0	0	0	0	0	0	0	0	0	0
S590N	0	0.00333333333333333	0.00333333333333333	0	0	0	0	0	0	0	0	0	0	0
R591P	0	0	0	0	0	0	0.01	0	0	0	0	0	0	0
V596L	0	0	0	0	0	0	0.00666666666666667	0	0	0	0	0	0	0
T598A	0	0	0	0	0	0	0	0	0	0	0	0	0.01	0
T598A	0	0	0.00333333333333333	0.00333333333333333	0	0	0	0	0	0	0	0	0	0
V613A	0	0	0	0	0	0	0	0	0	0	0.00666666666666667	0	0	0
A622S	0	0	0	0	0	0	0	0	0	0	0.0133333333333333	0	0	0
A624S	0	0	0	0.00666666666666667	0	0	0	0	0	0	0	0	0	0
V640M	0	0	0	0	0	0	0	0	0	0	0.01	0	0	0
S643T	0	0	0	0	0	0.01	0	0	0	0	0	0	0	0
G644R	0	0	0	0	0	0	0	0	0	0	0.0233333333333333	0	0	0
L645M	0	0	0	0	0	0.0166666666666667	0	0	0	0	0	0	0	0
L648M	0	0	0	0	0.0133333333333333	0	0	0	0	0	0	0	0	0
V649I	0	0	0	0	0	0	0	0	0	0	0	0	0.02	0.14
V649I	0	0	0	0	0	0	0	0.05	0	0	0	0	0	0
V649I	0	0	0	0	0	0.01	0	0	0	0	0	0	0	0
N652I	0	0	0	0	0	0	0.00666666666666667	0	0	0	0	0	0	0
V655A	0	0	0	0	0	0	0	0.0233333333333333	0	0	0	0	0	0
K660R	0	0	0	0	0	0.0133333333333333	0	0	0	0	0	0	0	0
K660R	0	0.08	0.08	0.383333333333333	0.0366666666666667	0	0	0	0	0	0	0	0	0
A661T	0	0.00333333333333333	0.00333333333333333	0	0	0	0	0	0	0	0	0	0	0
T666M	0	0	0	0	0	0	0	0	0	0	0.00666666666666667	0	0	0
T666I	0	0	0	0	0	0	0	0	0	0	0.01	0	0	0
T666A	0	0	0	0	0	0	0	0	0.00666666666666667	0	0	0	0	0
V667I	0	0	0	0	0	0	0.0133333333333333	0	0	0	0	0	0	0
V667I	0	0	0	0	0	0	0	0.05	0	0	0	0	0	0
V667I	0	0	0	0.0766666666666667	0.02	0	0	0	0	0	0	0	0	0
V667I	0	0	0	0	0.00666666666666667	0	0	0	0	0	0	0	0	0
K670R	0	0	0	0	0	0	0	0	0	0	0.00666666666666667	0	0	0
D671E	0	0.00666666666666667	0	0	0	0	0	0	0	0	0	0	0	0
T676I	0	0	0	0	0	0	0	0	0	0	0.0233333333333333	0	0	0
T676A	0	0.00666666666666667	0	0	0	0	0	0	0	0	0	0	0	0
T676I	0	0	0	0	0	0	0	0	0	0	0.01	0	0	0
E677K	0	0	0	0	0	0	0	0	0	0	0	0	0	0.0766666666666667
E677K	0	0	0.00666666666666667	0	0	0	0	0	0	0	0	0	0	0
G682D	0	0.00666666666666667	0	0	0	0	0	0	0	0	0	0	0	0
T683K	0	0.00333333333333333	0.00666666666666667	0	0	0	0	0	0	0	0	0	0	0
G698D	0	0	0	0	0	0.01	0	0	0	0	0	0	0	0
K702R	0	0	0	0	0	0	0	0	0	0	0.0133333333333333	0	0	0
K702N	0	0	0	0	0.00666666666666667	0	0	0	0	0	0	0	0	0
R703K	0	0	0	0	0	0	0	0	0.00666666666666667	0	0	0	0	0
Y704F	0	0	0	0	0	0	0	0	0	0	0.02	0	0	0
Y704H	0	0	0	0.00666666666666667	0	0	0	0	0	0	0	0	0	0
N711S	0	0	0	0	0	0	0	0	0.00666666666666667	0	0	0	0	0
N711S	0	0	0	0	0	0	0	0	0.01	0	0	0	0	0
N711S	0	0	0	0	0	0	0.00666666666666667	0	0	0	0	0	0	0
E712G	0	0	0	0	0.00666666666666667	0	0	0	0	0	0	0	0	0
L713M	0	0	0	0	0	0	0	0	0	0	0	0	0.0133333333333333	0
S714G	0	0	0	0	0	0	0.0266666666666667	0	0	0	0	0	0	0
S714N	0	0	0.00666666666666667	0	0	0	0	0	0	0	0	0	0	0
N715S	0	0	0	0	0	0	0	0	0	0	0.01	0	0	0
A717S	0	0	0	0	0	0	0	0	0	0	0.01	0	0	0
S717A	0	0	0	0	0	0	0	0	0	0	0.00666666666666667	0	0	0
A717T	0	0	0	0	0	0	0.00666666666666667	0	0	0	0	0	0	0
K718R	0	0	0	0	0.00666666666666667	0	0	0	0	0	0	0	0	0
K718R	0	0	0	0.00666666666666667	0.0166666666666667	0	0	0	0	0	0	0	0	0
A722S	0	0	0	0.00666666666666667	0	0	0	0	0	0	0	0	0	0
G727A	0	0	0	0	0	0	0.01	0	0	0	0	0	0	0
V731I	0	0	0.00333333333333333	0	0.06	0.23	0.16	0.05	0.93	1	0.963333333333333	1	1	1
I731V	0	0	0	0	0	0	0	0	0.0166666666666667	0	0	0	0	0
I731V	0	0	0	0	0	0	0	0	0.01	0	0	0	0	0
V731I	0	0	0	0	0	0.0133333333333333	0	0	0	0	0	0	0	0
V731I	0	0	0	0	0.0166666666666667	0	0	0	0	0	0	0	0	0
V731I	0	0	0	0.04	0.00666666666666667	0	0	0	0	0	0	0	0	0
V731I	0	0	0	0	0	0	0	0	0.01	0	0.0333333333333333	0	0	0
D740N	0	0	0	0	0	0	0	0	0	0	0	0	0.0133333333333333	0
I758L	0	0	0	0.00666666666666667	0	0	0	0	0	0	0	0	0	0
