N2D	0	0	0	0	0	0	0	0	0	0	0.00666666666666667	0	0	0
N2I	0	0.00333333333333333	0	0.00333333333333333	0	0	0	0	0	0	0	0	0	0
N4T	0	0	0	0	0	0	0	0	0	0	0.00666666666666667	0	0	0
N4T	0	0	0	0	0	0	0	0	0.0133333333333333	0.00333333333333333	0	0	0	0
N4K	0	0	0	0	0	0	0	0	0.00666666666666667	0	0	0	0	0
N4T	0	0	0	0	0	0	0	0.00666666666666667	0	0.0266666666666667	0	0	0	0
Q5R	0	0	0	0	0	0	0	0.01	0	0	0	0	0	0
Q5P	0	0.00333333333333333	0.00333333333333333	0	0	0	0	0	0	0	0	0	0	0
K6M	0	0	0	0	0	0	0	0.0166666666666667	0.00333333333333333	0	0	0	0	0
T9V	0	0	0	0	0	0	0	0.01	0	0	0	0	0	0
T9I	0	0	0	0.00666666666666667	0	0	0	0	0	0	0	0	0	0
T9I	0	0	0.0133333333333333	0	0	0	0	0	0	0	0	0	0	0
G11S	0	0	0	0	0	0	0	0.01	0	0	0	0	0	0
G11S	0	0	0	0.00666666666666667	0	0	0	0	0	0	0	0	0	0
S12L	0	0	0	0	0	0	0	0.0166666666666667	0	0	0	0	0	0
S12Q	0	0	0	0	0	0.0133333333333333	0	0.0333333333333333	0.01	0	0	0	0	0
S12L	0	0	0	0	0	0.00666666666666667	0	0	0	0	0	0	0	0
V13I	0	0	0	0	0	0	0	0	0	0	0	0	0.263333333333333	0.296666666666667
V13I	0	0	0	0	0	0	0	0	0	0	0.00666666666666667	0.01	0	0
V13I	0	0	0	0	0	0	0.01	0	0.00333333333333333	0	0	0	0	0
V13I	0	0	0	0	0.00666666666666667	0.00666666666666667	0	0	0	0	0	0	0	0
V13I	0	0	0	0	0	0	0	0	0.00666666666666667	0.01	0	0	0	0
V13I	0	0	0	0	0	0	0	0.00666666666666667	0.00333333333333333	0	0	0	0	0
V13I	0	0.01	0.0233333333333333	0	0	0	0	0	0	0	0	0	0	0
V13I	0	0.00333333333333333	0	0.00666666666666667	0	0	0	0	0	0	0	0	0	0
V13G	0	0.01	0	0.00333333333333333	0	0	0	0	0	0	0	0	0	0
V13A	0	0	0.00333333333333333	0.00333333333333333	0	0	0	0	0	0	0	0	0	0
V13G	0	0	0	0	0	0	0	0	0.00666666666666667	0	0	0	0	0
M15I	0	0	0	0	0	0	0	0	0	0	0.00666666666666667	0	0.0133333333333333	0
M15V	0	0	0	0	0	0	0	0	0	0.00666666666666667	0	0	0	0
M15I	0	0	0	0	0.00333333333333333	0.00666666666666667	0	0	0	0	0	0	0	0
I15M	0	0	0	0	0	0.03	0	0	0	0	0	0	0	0
M15I	0	0	0	0	0	0.00666666666666667	0	0	0	0	0	0	0	0
M15T	0	0	0.00666666666666667	0	0.00333333333333333	0	0	0	0	0	0	0	0	0
M15I	0	0.00333333333333333	0.00666666666666667	0	0	0	0	0	0	0	0	0	0	0
M15I	0	0	0	0.00666666666666667	0	0	0	0	0	0	0	0	0	0
M15I	0	0.00333333333333333	0.00333333333333333	0.21	0.00666666666666667	0	0	0	0	0	0	0	0	0
M15V	0	0.04	0	0.01	0.01	0.0233333333333333	0	0	0.00333333333333333	0	0	0	0	0
M15V	0.146179401993355	0	0	0	0	0	0	0	0	0	0	0	0	0
T16I	0	0	0	0	0	0	0.01	0	0	0	0	0	0	0
T16I	0	0	0	0	0	0.0133333333333333	0	0	0	0	0	0	0	0
T16I	0	0	0	0	0.00666666666666667	0	0	0	0	0	0	0	0	0
T16I	0	0	0.00666666666666667	0	0.00333333333333333	0	0	0	0	0	0	0	0	0
I17V	0	0	0	0	0	0	0	0	0	0	0.00666666666666667	0	0	0
I17V	0	0.04	0	0.01	0.01	0.0233333333333333	0	0	0.00333333333333333	0	0	0	0	0
M19V	0	0	0	0	0	0	0	0	0	0	0	0	0	0.03
M19I	0	0	0	0	0	0	0	0	0	0	0	0.0166666666666667	0	0
M19V	0	0	0	0	0	0	0	0	0	0.0133333333333333	0	0	0	0
M19V	0	0	0	0	0	0.00333333333333333	0	0.00333333333333333	0	0	0	0	0	0
M19V	0	0	0	0	0.00333333333333333	0	0.0133333333333333	0	0	0	0	0	0	0
M19I	0	0	0	0	0	0	0	0.0233333333333333	0	0	0	0	0	0
M19L	0	0	0.00666666666666667	0	0	0	0	0	0	0	0	0	0	0
A20T	0	0	0	0	0.00666666666666667	0.00666666666666667	0	0	0	0	0	0	0	0
L22F	0	0	0	0	0	0	0	0	0	0	0	0	0.0133333333333333	0
L22F	0	0	0	0	0	0	0	0	0	0	0.00666666666666667	0	0	0
I23M	0	0	0	0	0	0	0	0	0	0	0.00666666666666667	0	0	0
I23T	0	0	0	0	0	0	0.01	0	0	0	0	0	0	0
I23M	0	0	0	0	0	0	0	0.00666666666666667	0	0.0266666666666667	0	0	0	0
I23V	0	0	0	0	0	0	0	0.0233333333333333	0	0	0	0	0	0
I23V	0	0	0.01	0	0	0	0	0	0	0	0	0	0	0
I23M	0	0	0	0	0.00666666666666667	0	0	0	0	0	0	0	0	0
I23M	0	0.01	0	0	0	0	0	0	0	0	0	0	0	0
I23M	0	0	0	0.00333333333333333	0	0	0	0	0.00333333333333333	0	0	0	0	0
I26V	0	0	0	0	0	0	0	0.0366666666666667	0.00333333333333333	0	0	0	0	0
I26V	0	0	0.00666666666666667	0	0	0	0	0	0	0	0	0	0	0
I29T	0	0	0	0	0.00666666666666667	0	0	0	0	0	0	0	0	0
I29V	0	0	0	0	0	0.00666666666666667	0	0	0	0	0	0	0	0
I29M	0	0	0	0	0	0	0.00333333333333333	0.00666666666666667	0	0	0	0	0	0
I29M	0	0.00666666666666667	0	0.00333333333333333	0	0.00666666666666667	0.00333333333333333	0	0	0	0	0	0	0
I29M	0	0.00333333333333333	0.00666666666666667	0	0	0	0	0	0	0	0	0	0	0
I30T	0	0	0	0	0	0	0	0	0.0133333333333333	0	0	0	0	0
I30T	0	0	0	0	0	0	0	0	0.00666666666666667	0.00333333333333333	0	0	0	0
I32V	0	0	0	0	0	0	0	0	0	0	0	0	0.0233333333333333	0
I32T	0	0	0	0	0	0.02	0	0	0	0	0	0	0	0
I34V	0	0	0	0	0	0	0	0	0.0133333333333333	0.276666666666667	0.916666666666667	0.856666666666667	0.96	0.91
V34I	0	0	0	0	0	0	0	0	0	0	0	0	0.01	0.0466666666666667
V34I	0	0	0	0	0	0	0	0	0.01	0	0.00333333333333333	0.0733333333333333	0	0
I34L	0	0.00333333333333333	0.00333333333333333	0	0	0	0	0	0	0	0	0	0	0
S35R	0	0	0	0	0	0	0	0	0.00666666666666667	0	0	0	0	0
S35G	0.252491694352159	0.00333333333333333	0	0	0	0	0	0	0	0	0	0	0	0
S37T	0	0	0.00666666666666667	0	0	0	0	0	0	0	0	0	0	0
I38L	0	0	0	0	0	0	0.0133333333333333	0	0	0	0	0	0	0
I38L	0	0	0	0	0.00666666666666667	0	0	0	0	0	0	0	0	0
I38V	0	0.00666666666666667	0.00333333333333333	0	0	0	0	0	0	0	0	0	0	0
L40I	0	0	0	0	0	0	0	0	0.00666666666666667	0.0133333333333333	0.233333333333333	0.443333333333333	0.97	0.956666666666667
L40I	0	0	0	0	0	0	0	0	0	0	0	0.0166666666666667	0	0
L40I	0	0	0	0	0	0	0	0	0	0	0	0	0.03	0.0433333333333333
L40V	0	0	0	0	0	0	0	0	0.08	0.0233333333333333	0.0666666666666667	0.07	0	0
L40I	0	0	0	0	0	0	0	0.00666666666666667	0	0	0	0	0	0
L40I	0	0	0	0	0.00666666666666667	0.0133333333333333	0	0	0	0	0	0	0	0
L40I	0	0	0	0	0	0.0266666666666667	0	0	0	0	0	0	0	0
G41V	0	0	0	0	0	0	0	0	0	0	0.00666666666666667	0	0	0
G41R	0	0	0	0	0	0	0	0	0	0.0233333333333333	0.00333333333333333	0	0	0
G41E	0	0	0	0	0	0	0	0	0.01	0	0	0	0	0
G41E	0	0	0	0	0	0	0	0	0.00666666666666667	0	0	0	0	0
G41R	0	0	0	0	0	0	0	0.00666666666666667	0	0	0	0	0	0
G41R	0	0	0	0	0.00666666666666667	0.0266666666666667	0.526666666666667	0.176666666666667	0.02	0	0	0	0	0
R41M	0	0	0	0	0	0	0.0233333333333333	0	0.00333333333333333	0	0	0	0	0
R41G	0	0	0	0	0	0.00666666666666667	0	0	0	0	0	0	0	0
G41E	0	0	0.0133333333333333	0	0	0	0	0	0	0	0	0	0	0
G41E	0	0	0	0.00666666666666667	0	0	0	0	0	0	0	0	0	0
N42S	0	0	0	0	0	0.0133333333333333	0	0.0333333333333333	0.01	0	0	0	0	0
N42S	0	0	0	0	0	0	0	0.02	0	0	0	0	0	0
Q43K	0	0	0.00333333333333333	0.0566666666666667	0	0	0	0	0	0	0	0	0	0
N44S	0	0	0	0	0.00333333333333333	0.0133333333333333	0.116666666666667	0.176666666666667	0.843333333333333	0.953333333333333	0.993333333333333	0.926666666666667	1	1
S44N	0	0	0	0	0	0	0	0	0.01	0	0.00333333333333333	0.0733333333333333	0	0
S44N	0	0	0	0	0	0.0133333333333333	0	0.0333333333333333	0.01	0	0	0	0	0
S44N	0	0	0	0	0	0	0	0	0.00666666666666667	0	0	0	0	0
N44S	0	0	0	0.00333333333333333	0.0433333333333333	0	0	0	0	0	0	0	0	0
N44S	0	0	0	0.11	0.22	0.456666666666667	0.61	0.183333333333333	0.0333333333333333	0	0	0	0	0
S44N	0	0	0	0	0	0	0.00333333333333333	0.02	0.01	0	0	0	0	0
N44D	0	0	0	0.00666666666666667	0	0	0	0	0	0	0	0	0	0
N44S	0	0.02	0	0.01	0	0.00666666666666667	0.00333333333333333	0	0	0	0.00333333333333333	0	0	0
N44S	0	0.00333333333333333	0	0.00333333333333333	0	0	0	0	0	0	0	0	0	0
Q45H	0	0	0	0	0	0	0	0	0	0	0.05	0	0	0
Q45R	0	0	0	0	0	0	0	0	0	0	0	0	0.0166666666666667	0.0266666666666667
Q45H	0	0	0	0	0	0	0	0	0.0433333333333333	0.0133333333333333	0	0	0	0
Q45H	0	0	0	0	0	0	0	0	0.0133333333333333	0.00333333333333333	0	0	0	0
Q45R	0	0	0	0	0	0.01	0	0	0	0	0	0	0	0
Q45R	0	0	0	0	0	0	0.00666666666666667	0	0	0	0	0	0	0
Q45H	0	0	0	0	0	0	0	0	0.00666666666666667	0	0	0	0	0
I46T	0	0	0	0	0	0	0	0	0	0	0	0	0.0466666666666667	0.0333333333333333
I46T	0	0	0	0	0	0	0	0	0	0.02	0	0	0	0
I46F	0	0	0	0	0	0	0.00666666666666667	0	0	0	0	0	0	0
I46T	0	0	0	0	0	0.0133333333333333	0	0	0	0	0	0	0	0
I46V	0	0	0	0	0	0	0	0.00666666666666667	0	0	0	0	0	0
I46T	0	0	0	0	0.0233333333333333	0	0	0	0	0	0	0	0	0
I46V	0	0	0.00666666666666667	0	0	0	0	0	0	0	0	0	0	0
I46T	0	0.01	0	0	0	0	0	0	0	0	0	0	0	0
E47G	0	0	0	0	0	0	0	0	0	0	0.0233333333333333	0.0566666666666667	0	0
E47V	0	0	0	0	0	0	0.00666666666666667	0	0	0	0	0	0	0
E47G	0	0	0.00333333333333333	0.00333333333333333	0	0	0	0	0	0	0	0	0	0
T48A	0	0	0	0	0	0	0	0	0.05	0.283333333333333	0.00333333333333333	0	0	0
A48T	0	0	0	0	0	0	0	0	0	0.0166666666666667	0	0	0	0
T48I	0	0	0	0	0	0	0	0	0	0	0.0166666666666667	0.0466666666666667	0	0
T48A	0	0	0	0.01	0	0	0	0.01	0	0	0	0	0	0
T48I	0	0	0	0	0	0	0	0	0.01	0	0	0	0	0
T48I	0	0	0	0.00666666666666667	0	0	0	0	0	0	0	0	0	0
C49Y	0	0	0	0	0	0.01	0	0	0	0	0	0	0	0
C49G	0	0	0	0.00666666666666667	0	0	0	0	0	0	0	0	0	0
N50S	0	0	0	0	0	0	0	0	0	0.0133333333333333	0	0	0	0
Q51R	0	0	0	0	0	0	0	0	0	0	0	0	0	0.0966666666666667
Q51P	0	0	0	0	0	0.02	0	0	0	0	0	0	0	0
S52N	0	0	0	0	0	0	0	0	0.0433333333333333	0.0133333333333333	0	0	0	0
S52N	0	0	0	0	0	0	0	0	0	0.0166666666666667	0	0	0	0
S52N	0	0	0	0	0	0	0	0.0466666666666667	0.0233333333333333	0.00333333333333333	0	0	0	0
S52N	0	0	0	0	0	0.03	0	0	0	0	0	0	0	0
V53I	0	0	0	0	0	0	0	0	0	0	0	0	0.0533333333333333	0.0166666666666667
I53V	0	0	0	0	0	0	0	0	0	0	0	0	0.0333333333333333	0
V53I	0	0	0	0	0	0	0	0.0466666666666667	0	0	0	0	0	0
V53A	0	0	0	0	0	0	0	0.01	0	0	0	0	0	0
V53D	0	0	0	0	0	0.00666666666666667	0	0	0	0	0	0	0	0
V53F	0	0	0	0.0133333333333333	0	0	0	0	0	0	0	0	0	0
V53I	0	0	0	0.01	0	0	0	0	0	0	0	0	0	0
V53I	0	0.00333333333333333	0.00666666666666667	0	0	0	0	0	0	0	0	0	0	0
I54V	0	0	0	0.02	0	0	0	0	0	0	0	0	0	0
T55I	0	0	0	0	0	0	0	0	0	0	0.00666666666666667	0	0	0
T55I	0	0	0	0.00333333333333333	0	0.01	0	0	0	0	0	0	0	0
Y56F	0	0.00333333333333333	0	0.0166666666666667	0	0	0	0	0	0	0	0	0	0
N58S	0	0	0	0	0	0	0	0	0	0	0	0	0.00666666666666667	0
N58D	0	0	0	0	0	0.0133333333333333	0	0	0	0	0	0	0	0
N58D	0	0	0	0.00666666666666667	0	0	0	0	0	0	0	0	0	0
N59H	0	0	0	0	0	0	0	0	0	0	0	0.0166666666666667	0	0
N59K	0	0	0.00666666666666667	0	0.00333333333333333	0	0	0	0	0	0	0	0	0
N59K	0	0	0	0	0.00666666666666667	0	0	0	0	0	0	0	0	0
N59K	0	0	0	0.00666666666666667	0	0	0	0	0	0	0	0	0	0
T60I	0	0	0	0	0	0	0	0	0.0233333333333333	0.00333333333333333	0	0	0	0
W61Y	0	0	0	0	0	0	0	0	0	0.01	0	0	0	0
V62I	0	0	0	0	0	0	0	0	0	0	0.0133333333333333	0.0333333333333333	0	0
V62I	0	0	0	0	0.00666666666666667	0.00666666666666667	0	0	0	0	0	0	0	0
V62A	0	0	0	0	0	0.00666666666666667	0	0	0	0	0	0	0	0
V62I	0	0	0	0.00333333333333333	0.00666666666666667	0.1	0	0	0	0	0	0	0	0
Q64H	0	0	0	0	0	0	0	0.01	0	0	0	0	0	0
T65S	0	0	0	0	0	0	0	0	0	0.00666666666666667	0	0	0	0
Y66H	0	0	0	0	0	0.00666666666666667	0	0	0	0	0	0	0	0
V67I	0	0	0	0	0	0	0	0	0	0	0	0.0666666666666667	0.106666666666667	0.19
I67V	0	0	0	0	0	0	0	0	0	0	0	0	0.263333333333333	0.25
V67I	0	0	0	0	0	0	0	0	0	0	0	0	0	0.0466666666666667
V67I	0	0	0	0	0	0	0	0	0	0	0.00666666666666667	0	0	0
V67F	0	0	0	0	0.00666666666666667	0	0	0	0	0	0	0	0	0
V67I	0	0	0	0	0	0	0.0166666666666667	0	0	0	0	0	0	0
N68S	0	0	0	0	0	0.0133333333333333	0	0	0	0	0	0	0	0
S70G	0	0	0	0	0	0	0	0	0	0.0133333333333333	0	0	0	0
S70N	0	0	0	0	0	0	0	0	0	0.00666666666666667	0	0	0	0
T72I	0	0	0	0	0	0	0	0	0	0.0133333333333333	0	0	0	0
T72I	0	0	0	0	0	0.01	0	0	0	0	0	0	0	0
F74L	0	0	0	0.00666666666666667	0	0	0	0	0	0	0	0	0	0
F74S	0	0	0	0	0	0.00666666666666667	0	0	0	0	0	0	0	0
F74L	0	0.00333333333333333	0	0.00666666666666667	0	0	0	0	0	0	0	0	0	0
A75V	0	0	0	0	0	0	0	0	0	0	0.00666666666666667	0	0	0
A75S	0	0	0	0.00666666666666667	0	0	0	0	0	0	0	0	0	0
A76V	0	0	0	0	0	0	0	0	0	0	0	0	0.0266666666666667	0
A76S	0	0	0	0	0	0	0	0	0	0	0.00666666666666667	0	0	0
A76T	0	0	0	0	0	0	0	0	0	0.0966666666666667	0.00333333333333333	0	0	0
A76V	0	0	0	0	0	0	0	0	0.0233333333333333	0	0	0	0	0
A76V	0	0	0	0	0	0	0	0	0.00666666666666667	0	0	0	0	0
A76G	0	0.0333333333333333	0	0.00333333333333333	0.01	0.0233333333333333	0	0	0.00333333333333333	0	0	0	0	0
G77E	0	0	0	0	0	0	0	0	0	0.00333333333333333	0	0.0966666666666667	0	0
G77E	0	0	0	0	0	0.01	0	0	0	0	0	0	0	0
G77E	0	0	0	0.00333333333333333	0	0.01	0	0	0	0	0	0	0	0
G77E	0	0	0.00666666666666667	0	0	0	0	0	0	0	0	0	0	0
Q78R	0	0	0	0	0	0	0	0	0	0.01	0	0	0	0
Q78L	0	0	0	0	0	0.00666666666666667	0	0	0	0	0	0	0	0
S79L	0	0	0	0	0	0	0	0	0	0	0	0	0.04	0
S79P	0	0	0	0	0	0	0	0	0.0166666666666667	0.02	0.0666666666666667	0.07	0	0
S79P	0	0	0	0	0.01	0	0	0	0	0	0	0	0	0
S79P	0	0.00333333333333333	0.02	0	0	0	0	0	0	0	0	0	0	0
V80L	0	0	0	0	0	0	0	0	0	0	0.00666666666666667	0	0	0
V80K	0	0	0	0	0	0	0.00333333333333333	0.00666666666666667	0	0	0	0	0	0
V80M	0	0	0.0133333333333333	0	0	0	0.0133333333333333	0	0	0	0	0	0	0
V80K	0	0.0333333333333333	0	0.00333333333333333	0.01	0.0233333333333333	0	0	0.00333333333333333	0	0	0	0	0
V81I	0	0	0	0	0	0	0.0233333333333333	0.0266666666666667	0	0	0	0	0	0
V81A	0	0	0	0	0.00666666666666667	0.02	0.0133333333333333	0.0166666666666667	0	0	0	0	0	0
V81K	0	0	0	0	0	0	0.00333333333333333	0.00666666666666667	0	0	0	0	0	0
V81I	0	0	0.00333333333333333	0.00333333333333333	0	0	0	0	0	0	0	0	0	0
V81E	0	0.0333333333333333	0	0.00333333333333333	0.01	0.0233333333333333	0	0	0.00333333333333333	0	0	0	0	0
S82P	0	0	0	0	0	0	0	0	0	0.04	0.26	0.123333333333333	0	0
P82S	0	0	0	0	0	0	0	0	0	0.00666666666666667	0	0	0	0
S82P	0	0	0	0	0	0	0	0	0.00333333333333333	0	0.15	0	0	0
S82P	0	0	0	0	0	0	0	0	0	0	0.00666666666666667	0	0	0
S82P	0	0	0	0	0	0	0	0	0	0.0366666666666667	0	0	0	0
S82P	0	0	0	0	0	0	0	0	0	0.00666666666666667	0	0	0	0
S82P	0	0	0	0	0	0.03	0	0	0	0	0	0	0	0
S82K	0	0	0	0	0	0	0.00333333333333333	0.00666666666666667	0	0	0	0	0	0
S82P	0	0	0.0366666666666667	0.0233333333333333	0	0	0.0133333333333333	0	0	0	0	0	0	0
S82P	0	0	0	0	0.00333333333333333	0.00666666666666667	0	0	0	0	0	0	0	0
S82P	0	0	0	0	0.00666666666666667	0	0	0	0	0	0	0	0	0
S82P	0	0.00666666666666667	0	0	0	0	0.00333333333333333	0	0	0	0	0	0	0
V83L	0	0	0	0	0	0	0	0	0	0	0	0	0.12	0
V83M	0	0	0	0	0	0	0	0	0	0	0.00333333333333333	0.01	0	0
V83M	0	0	0	0	0	0	0	0.0166666666666667	0	0	0	0	0	0
V83A	0	0	0	0	0	0	0	0	0.0633333333333333	0.0133333333333333	0	0	0	0
V83L	0	0	0	0	0	0	0	0	0.00666666666666667	0.01	0	0	0	0
V83M	0	0	0	0	0.02	0	0	0	0	0	0	0	0	0
V83M	0	0	0	0	0	0	0.00333333333333333	0.0133333333333333	0	0	0	0	0	0
V83M	0	0	0	0	0	0.0266666666666667	0	0	0	0	0	0	0	0
V83M	0	0.00666666666666667	0	0	0	0	0	0	0	0	0	0	0	0
K84E	0	0	0	0	0	0	0	0	0	0	0.00333333333333333	0.01	0	0
K84N	0	0	0	0	0	0	0	0	0.0433333333333333	0.0133333333333333	0	0	0	0
K84N	0	0	0	0	0	0	0	0	0.0133333333333333	0.00333333333333333	0	0	0	0
L85F	0	0	0	0	0	0.00666666666666667	0	0	0	0	0	0	0	0
A86T	0	0	0	0	0	0	0	0	0	0	0	0	0	0.0366666666666667
A86V	0	0	0	0	0	0	0	0	0	0	0	0	0	0.0466666666666667
A86V	0	0	0	0	0	0	0.00666666666666667	0	0	0	0	0	0	0
A86T	0	0	0.00666666666666667	0	0	0	0	0	0	0	0	0	0	0
A86T	0	0	0.00666666666666667	0	0	0	0	0	0	0	0	0	0	0
A86V	0	0.0366666666666667	0.01	0	0	0	0	0.0133333333333333	0	0	0	0	0	0
N88S	0	0	0	0	0	0	0.0133333333333333	0	0	0	0	0	0	0
S89P	0	0	0	0	0	0.0133333333333333	0	0	0	0	0	0	0	0
S89F	0	0	0.00333333333333333	0	0	0	0.0133333333333333	0	0	0	0	0	0	0
S90T	0	0	0	0	0	0	0.00666666666666667	0	0	0	0	0	0	0
P93S	0	0	0	0	0	0	0	0	0	0	0	0	0.01	0
P93S	0	0	0	0	0	0	0	0	0	0	0.00666666666666667	0	0	0
P93S	0	0	0	0	0	0	0	0	0	0	0	0.0233333333333333	0	0
P93T	0	0	0	0	0	0	0	0	0	0	0.0133333333333333	0	0	0
P93S	0	0	0	0	0	0	0	0	0.00666666666666667	0	0	0	0	0
P93L	0	0	0	0	0	0	0	0.0166666666666667	0	0	0	0	0	0
P93L	0	0	0	0	0	0	0.00333333333333333	0.00666666666666667	0	0	0	0	0	0
P93S	0	0.00333333333333333	0.00333333333333333	0	0.00333333333333333	0	0	0.02	0	0	0	0	0	0
P93S	0	0	0	0	0.00666666666666667	0	0	0	0	0	0	0	0	0
P93F	0	0.0333333333333333	0	0.00333333333333333	0.01	0.0233333333333333	0	0	0.00333333333333333	0	0	0	0	0
V94I	0	0	0	0	0	0	0	0	0	0	0.00666666666666667	0	0	0
V94I	0	0	0	0	0	0	0	0	0	0.0166666666666667	0	0	0	0
V94I	0	0	0	0	0	0	0	0	0.00666666666666667	0	0	0	0	0
G95S	0.817275747508306	0.99	1	0.99	1	0.96	0.993333333333333	1	0.993333333333333	1	0.986666666666667	1	1	1
S95W	0	0	0	0	0	0	0	0	0.00666666666666667	0	0.00333333333333333	0	0	0
S95N	0	0	0	0	0	0	0	0	0	0	0.01	0	0	0
S95N	0	0	0	0.00333333333333333	0	0.04	0	0	0	0	0	0	0	0
S95I	0	0	0	0	0	0	0.00666666666666667	0	0	0	0	0	0	0
S95I	0	0	0	0.00666666666666667	0	0	0	0	0	0	0	0	0	0
W97R	0	0	0	0	0	0	0	0	0.00666666666666667	0	0.00333333333333333	0	0	0
W97R	0	0	0	0	0	0	0	0.00666666666666667	0	0	0	0	0	0
W97R	0	0	0	0	0	0	0.00333333333333333	0.00666666666666667	0	0	0	0	0	0
I99V	0	0	0	0	0	0	0	0	0	0.0333333333333333	0	0	0	0
I99T	0	0	0	0	0	0	0	0	0	0	0.00666666666666667	0	0	0
Y100H	0	0	0	0	0	0	0	0	0	0	0	0	0	0.08
D103A	0	0	0	0	0	0	0	0.0166666666666667	0	0	0	0	0	0
N104S	0	0	0	0	0	0	0	0	0.0133333333333333	0	0	0	0	0
N104T	0	0	0	0	0	0	0	0.0166666666666667	0	0	0	0	0	0
N104D	0	0.00333333333333333	0	0.00333333333333333	0	0	0	0	0	0	0	0	0	0
V106I	0.378737541528239	0.82	0.963333333333333	0.99	0.976666666666667	0.956666666666667	0.87	0.776666666666667	0.113333333333333	0.0466666666666667	0.00333333333333333	0	0	0
I106V	0	0	0	0	0.00333333333333333	0.0266666666666667	0.106666666666667	0.186666666666667	0.863333333333333	0.946666666666667	0.996666666666667	1	1	1
V106I	0	0	0	0	0	0	0.01	0.0233333333333333	0	0	0	0	0	0
V106I	0	0	0	0	0	0	0	0	0.01	0.00666666666666667	0	0	0	0
I106V	0	0	0	0	0	0	0.00666666666666667	0	0	0	0	0	0	0
I106V	0	0	0.0133333333333333	0.00666666666666667	0.00333333333333333	0	0	0	0	0	0	0	0	0
V106I	0	0	0	0.00333333333333333	0.0133333333333333	0.0166666666666667	0	0	0	0	0	0	0	0
I106V	0	0	0.00666666666666667	0	0	0	0	0	0	0	0	0	0	0
I106V	0	0.01	0	0	0	0	0	0	0	0	0	0	0	0
I106L	0	0.01	0	0	0	0	0	0	0	0	0	0	0	0
V106I	0	0	0	0	0	0	0	0	0.00666666666666667	0	0	0	0	0
I108V	0	0	0	0	0	0	0	0	0	0	0.0233333333333333	0	0	0
I108V	0	0.00666666666666667	0	0	0	0	0.00666666666666667	0	0	0	0	0	0	0
G109S	0	0	0	0	0	0	0.02	0	0	0	0	0	0	0
G109S	0	0	0	0	0	0.00666666666666667	0	0	0	0	0	0	0	0
K111R	0	0	0	0	0	0.0133333333333333	0	0	0	0	0	0	0	0
D113N	0	0	0	0	0	0	0	0.00666666666666667	0	0	0	0	0	0
D113E	0	0	0	0	0	0	0	0.01	0	0	0	0	0	0
E113G	0	0	0	0	0	0	0	0.00666666666666667	0	0	0	0	0	0
D113N	0	0	0	0	0	0	0	0.00666666666666667	0	0	0	0	0	0
D113E	0	0	0	0	0	0	0	0.00666666666666667	0	0	0	0	0	0
D113N	0	0	0.00666666666666667	0	0	0	0	0	0	0	0	0	0	0
V114I	0	0	0	0	0	0	0	0	0.00666666666666667	0.01	0	0	0	0
F115S	0	0	0	0	0	0	0	0.0166666666666667	0.00333333333333333	0	0	0	0	0
I117M	0	0	0	0	0	0	0	0	0	0	0.00666666666666667	0.0166666666666667	0.573333333333333	0.47
I117K	0	0	0	0	0	0	0.00666666666666667	0	0	0	0	0	0	0
I117M	0	0	0.00666666666666667	0	0	0	0	0	0	0	0	0	0	0
I117M	0	0	0	0.00666666666666667	0.00333333333333333	0	0	0	0	0	0	0	0	0
I117M	0	0.01	0	0.00333333333333333	0	0	0	0	0	0	0.00333333333333333	0	0	0
E119G	0	0	0	0	0	0	0	0	0	0	0	0.0166666666666667	0	0
E119K	0	0	0	0	0	0	0	0	0	0	0.0166666666666667	0	0	0
E119K	0	0	0	0	0	0	0	0	0.00666666666666667	0	0	0	0	0
E119D	0	0	0	0	0	0	0	0.00666666666666667	0	0	0	0	0	0
I122V	0	0	0	0	0	0	0.01	0	0	0	0	0	0	0
S123P	0	0	0	0	0	0	0	0.01	0	0	0	0	0	0
P126S	0	0	0	0	0	0	0	0	0	0	0.00333333333333333	0	0.0133333333333333	0
P126S	0	0	0	0	0	0	0	0	0	0.01	0	0	0	0
P126H	0	0	0	0	0	0	0	0	0	0	0	0.0966666666666667	0	0
P126S	0	0	0	0	0	0	0	0	0	0.0333333333333333	0	0	0	0
P126L	0	0	0	0	0	0	0	0	0	0.01	0	0	0	0
P126L	0	0	0	0	0	0	0.01	0	0	0	0	0	0	0
P126S	0	0	0	0	0	0	0.00666666666666667	0	0	0	0	0	0	0
P126L	0	0	0	0	0	0	0	0.00666666666666667	0	0	0	0	0	0
P126H	0	0.00333333333333333	0	0	0.0166666666666667	0.0333333333333333	0	0	0	0	0	0	0	0
L127W	0	0	0	0	0	0	0	0	0	0	0	0.01	0	0
E128K	0	0	0	0	0	0	0	0	0	0	0	0.0133333333333333	0	0
E128G	0	0	0	0	0.0233333333333333	0	0	0	0	0	0	0	0	0
E128G	0	0	0	0	0	0.00666666666666667	0	0	0	0	0	0	0	0
C129G	0	0	0	0	0	0	0	0	0	0	0	0.0333333333333333	0	0
C129G	0	0	0	0	0	0	0	0	0	0	0.00333333333333333	0.02	0	0
C129G	0	0	0	0	0	0	0	0	0.00666666666666667	0	0	0.02	0	0
G129A	0	0	0	0	0	0	0	0	0	0	0	0.0266666666666667	0	0
G129R	0	0	0	0	0	0	0	0	0.00333333333333333	0	0	0.0266666666666667	0	0
C129S	0	0	0	0	0	0	0	0	0	0	0.00333333333333333	0.0233333333333333	0	0
R130K	0	0	0	0	0	0	0	0	0	0	0	0.01	0	0
R130K	0	0	0	0	0	0	0	0	0	0	0	0.02	0	0
R130I	0	0.00333333333333333	0	0	0.0166666666666667	0.0333333333333333	0	0	0	0	0	0	0	0
R130I	0	0.00666666666666667	0	0	0	0	0	0	0	0	0	0	0	0
T131P	0	0	0	0	0	0	0	0.00666666666666667	0	0	0	0	0	0
T131I	0	0.00333333333333333	0	0.00333333333333333	0	0	0	0	0	0	0	0	0	0
A138T	0	0	0	0	0	0	0	0	0	0	0	0	0.0133333333333333	0
A138S	0	0	0	0	0	0	0.02	0.01	0	0	0	0	0	0
L139M	0	0	0	0	0	0	0	0.01	0	0	0	0	0	0
N141T	0	0.00333333333333333	0.02	0	0	0	0	0	0	0	0	0	0	0
K143R	0	0	0	0	0	0	0	0	0	0	0	0	0.0266666666666667	0
K143R	0	0	0	0	0	0	0.01	0	0	0	0	0	0	0
K143I	0	0	0	0	0.00666666666666667	0	0	0	0	0	0	0	0	0
G147R	0	0	0	0	0	0.00666666666666667	0	0	0	0	0	0	0	0
I149T	0	0	0	0	0.00666666666666667	0	0	0	0	0	0	0	0	0
D151E	0	0	0	0	0	0	0	0	0	0	0.00666666666666667	0	0	0
S153N	0	0	0	0	0	0.0133333333333333	0	0	0	0	0	0	0	0
S153N	0	0	0	0	0	0	0	0.01	0	0	0	0	0	0
Y155H	0	0	0	0	0	0	0	0	0	0	0	0.03	0	0
Y155H	0	0	0	0	0	0	0	0	0	0	0	0.0166666666666667	0	0
Y155F	0	0	0	0	0.00666666666666667	0	0	0	0	0	0	0	0	0
T157A	0	0	0	0	0	0	0	0	0	0	0	0	0.01	0
T157A	0	0	0	0	0	0	0	0	0.02	0.0133333333333333	0	0	0	0
T157A	0	0	0	0	0	0.00666666666666667	0	0	0	0	0	0	0	0
M159T	0	0	0	0	0	0.0166666666666667	0	0	0	0	0	0	0	0
C161R	0	0	0	0	0	0	0	0.00666666666666667	0	0	0	0	0	0
I163T	0	0	0	0	0	0	0	0	0	0	0.01	0	0	0
I163M	0	0	0	0	0	0	0	0	0.00666666666666667	0	0	0	0	0
I163V	0	0	0	0	0	0.00666666666666667	0	0	0	0	0	0	0	0
I163T	0	0.00333333333333333	0	0.00333333333333333	0	0	0	0	0	0	0	0	0	0
G164S	0	0	0	0	0	0	0	0	0	0	0.00666666666666667	0	0	0
E165V	0	0	0	0	0	0.0133333333333333	0	0	0	0	0	0	0	0
V166I	0	0	0	0	0	0	0	0	0	0	0.01	0	0	0
V166I	0	0	0	0	0.02	0	0	0	0	0	0	0	0	0
S168T	0	0	0	0	0	0	0	0	0	0.0133333333333333	0	0	0	0
R173K	0	0	0	0	0	0	0	0	0	0	0	0.06	0	0
R173K	0	0	0	0	0	0	0	0	0	0	0.01	0	0	0
R173K	0	0	0	0.00666666666666667	0	0	0	0	0	0	0	0	0	0
V177F	0	0.00666666666666667	0	0	0	0	0	0	0	0	0	0	0	0
A181T	0	0	0	0	0	0.0133333333333333	0	0	0	0	0	0	0	0
S182T	0	0	0	0	0	0	0	0.0466666666666667	0.00666666666666667	0	0	0	0	0
S182T	0	0	0	0	0	0	0	0	0.0133333333333333	0.01	0	0	0	0
I188T	0	0	0	0	0	0	0	0.0366666666666667	0	0	0	0	0	0
I188F	0	0	0	0	0	0.00666666666666667	0.0133333333333333	0	0	0	0	0	0	0
I188T	0	0	0	0	0.02	0	0	0	0	0	0	0	0	0
I188T	0	0	0	0	0	0	0.01	0	0	0	0	0	0	0
I188T	0	0.00666666666666667	0	0.00666666666666667	0	0	0	0	0	0	0	0	0	0
N189S	0	0.00333333333333333	0.00333333333333333	0.21	0.00666666666666667	0	0	0	0	0	0	0	0	0
N189S	0	0	0	0.00666666666666667	0	0	0	0	0	0	0	0	0	0
I193V	0	0	0	0.00333333333333333	0	0.04	0	0	0	0	0	0	0	0
G194R	0	0	0	0	0	0	0	0	0	0	0	0.01	0	0
G194E	0	0	0	0	0	0	0	0	0	0	0	0.0166666666666667	0	0
G197S	0	0	0	0	0	0.01	0	0	0	0	0	0	0	0
P198L	0	0	0	0	0	0	0	0	0	0	0	0	0.0133333333333333	0
P198Q	0	0	0	0	0	0	0	0	0.0166666666666667	0.01	0	0	0	0
P198S	0	0	0	0	0	0	0	0.0133333333333333	0	0	0	0	0	0
D199N	0	0	0	0	0	0	0.01	0	0	0	0	0	0	0
D199Y	0	0	0	0	0	0.0133333333333333	0	0	0	0	0	0	0	0
D199N	0	0	0	0	0	0.01	0	0	0	0	0	0	0	0
N200S	0	0	0	0	0.00333333333333333	0.0233333333333333	0.106666666666667	0.203333333333333	0.836666666666667	0.916666666666667	0.98	0.896666666666667	1	1
S200N	0	0	0	0	0	0	0	0	0	0	0	0.0866666666666667	0	0
N200S	0	0	0	0	0	0	0	0	0	0	0	0.0166666666666667	0	0
S200N	0	0	0	0	0	0	0	0	0	0	0.01	0	0	0
S200N	0	0	0	0	0	0	0	0	0	0.00333333333333333	0.00666666666666667	0	0	0
S200I	0	0	0	0	0	0	0	0	0.00333333333333333	0	0	0	0	0
I200N	0	0	0	0	0	0	0	0	0	0.00666666666666667	0	0	0	0
S200N	0	0	0	0	0	0	0	0	0	0.0233333333333333	0	0	0	0
S200N	0	0	0	0	0	0	0	0	0.00666666666666667	0	0	0	0	0
N200S	0	0	0	0	0	0.00333333333333333	0	0.00666666666666667	0.0133333333333333	0.00333333333333333	0	0	0	0
N200D	0	0	0	0	0	0	0	0.0466666666666667	0.00666666666666667	0	0	0	0	0
G201E	0	0	0	0	0	0	0.0133333333333333	0	0	0	0	0	0	0
V203M	0	0	0	0	0	0	0	0	0.00666666666666667	0	0	0	0	0
V203M	0	0	0	0	0.00666666666666667	0	0	0	0	0	0	0	0	0
A204V	0	0	0	0	0	0	0	0.0133333333333333	0	0	0	0	0	0
N209K	0	0	0	0	0	0	0	0.00666666666666667	0	0	0	0	0	0
N209S	0	0	0	0	0	0	0.0133333333333333	0	0	0	0	0	0	0
G210S	0	0	0	0	0	0	0	0	0	0	0	0.01	0	0
G210H	0	0	0	0	0	0	0	0	0	0	0	0.01	0	0
I211V	0	0	0	0	0	0	0	0	0	0	0	0	0	0.0166666666666667
I211M	0	0	0	0	0	0	0	0	0	0.00666666666666667	0	0	0	0
I211V	0	0	0	0	0	0	0.01	0.0166666666666667	0.00333333333333333	0	0	0	0	0
T215I	0	0	0	0	0	0.01	0	0	0	0	0	0	0	0
T215A	0	0	0	0	0	0	0.00666666666666667	0	0	0	0	0	0	0
I216V	0	0	0	0	0	0	0	0	0	0	0	0.01	0	0
K217E	0	0	0	0	0	0.01	0	0	0	0	0	0	0	0
K217R	0	0	0	0	0	0	0.00666666666666667	0	0	0	0	0	0	0
R220K	0	0	0	0	0	0	0	0	0	0	0.00666666666666667	0	0	0
R220K	0	0	0	0	0	0	0	0	0.0533333333333333	0.3	0.00333333333333333	0	0	0
R220K	0	0	0	0	0	0	0	0	0.0733333333333333	0.0233333333333333	0	0	0	0
R220G	0	0	0	0	0.00333333333333333	0	0	0	0	0	0	0	0	0
G220K	0	0	0	0	0.01	0	0	0	0	0	0	0	0	0
R220K	0.232558139534884	0	0.00666666666666667	0.00666666666666667	0	0	0	0	0	0	0	0	0	0
N221D	0	0	0	0	0	0	0	0	0	0	0	0	0.01	0
N221D	0	0	0	0	0	0	0	0.01	0	0	0	0	0	0
N222D	0	0	0	0	0	0	0	0	0.04	0.02	0.0666666666666667	0.07	0	0
N222D	0	0	0	0	0	0	0.0166666666666667	0	0	0	0	0	0	0
E228D	0	0	0	0	0	0	0	0.0166666666666667	0	0	0	0	0	0
E228D	0	0	0	0	0	0	0	0.0133333333333333	0	0	0	0	0	0
S229I	0	0	0	0	0	0	0	0.0166666666666667	0	0	0	0	0	0
S229P	0	0	0	0	0	0	0	0.0133333333333333	0	0	0	0	0	0
A232V	0	0	0	0	0	0	0	0	0	0.00666666666666667	0	0	0	0
A232V	0	0	0	0	0	0	0	0.00666666666666667	0	0	0	0	0	0
A232T	0	0	0	0	0	0	0.01	0.02	0.00333333333333333	0.01	0	0	0	0
A232V	0	0	0	0	0.01	0	0	0	0	0	0	0	0	0
A232V	0	0	0	0.00666666666666667	0	0	0	0	0	0	0	0	0	0
V234L	0	0	0	0	0	0	0	0.00666666666666667	0	0	0	0	0	0
V234I	0	0	0	0	0	0	0.0233333333333333	0.0266666666666667	0	0	0	0	0	0
V234I	0	0.00333333333333333	0.01	0	0	0	0	0	0	0	0	0	0	0
T240I	0	0	0	0	0	0	0	0	0	0	0	0.0233333333333333	0	0
V241I	0	0	0	0.22	0.656666666666667	0.833333333333333	0.826666666666667	0.75	0.106666666666667	0.0466666666666667	0	0	0	0
I241V	0	0	0	0	0	0.00333333333333333	0	0.00666666666666667	0.02	0.00333333333333333	0	0	0	0
V241I	0	0	0	0	0.00333333333333333	0.0233333333333333	0.116666666666667	0.203333333333333	0.843333333333333	0.95	0.996666666666667	1	1	1
I241V	0	0	0	0	0	0	0	0	0.00666666666666667	0	0	0	0	0
I241V	0	0	0	0	0	0.01	0	0	0	0	0	0	0	0
I241V	0	0	0	0	0	0.00666666666666667	0	0	0	0	0	0	0	0
V241I	0	0	0	0	0	0	0	0.02	0	0	0	0	0	0
V241L	0	0.00666666666666667	0	0	0	0	0	0	0	0	0	0	0	0
V241I	0	0	0	0.0166666666666667	0	0	0	0	0	0	0	0	0	0
V241I	0	0	0	0.00333333333333333	0.01	0.0233333333333333	0	0	0.00333333333333333	0	0	0	0	0
V241I	0	0.02	0	0.01	0	0.00666666666666667	0.00333333333333333	0	0	0	0.00333333333333333	0	0	0
V241I	0	0	0	0.00666666666666667	0	0.00333333333333333	0	0.00666666666666667	0	0	0	0	0	0
V241I	0	0	0	0	0	0	0	0	0.0133333333333333	0	0	0	0	0
M242I	0	0	0	0	0.00666666666666667	0	0	0	0	0	0	0	0	0
S247N	0	0	0	0	0	0	0	0	0	0	0	0	0.00666666666666667	0
S247N	0	0	0	0	0	0	0	0	0	0.01	0	0	0	0
S247N	0	0	0	0	0	0.00666666666666667	0	0	0	0	0	0	0	0
S247N	0	0	0	0	0.0166666666666667	0.00333333333333333	0	0	0	0	0	0	0	0
S247N	0	0	0	0.00333333333333333	0	0.00666666666666667	0	0	0	0	0	0	0	0
N248D	0.378737541528239	0.806666666666667	0.98	0.976666666666667	0.983333333333333	0.95	0.876666666666667	0.763333333333333	0.0966666666666667	0.0366666666666667	0.00333333333333333	0	0	0
D248N	0	0	0	0	0	0.00333333333333333	0	0.00666666666666667	0.0233333333333333	0.00333333333333333	0	0	0	0
N248D	0	0	0	0	0.00333333333333333	0	0.0933333333333333	0.16	0.843333333333333	0.95	0.996666666666667	0.99	0.99	1
D248N	0	0	0	0	0	0	0	0	0	0	0	0	0.01	0
D248N	0	0	0	0	0	0	0.0233333333333333	0.0166666666666667	0	0	0	0	0	0
D248N	0	0	0	0	0	0.01	0	0	0	0	0	0	0	0
D248E	0	0	0	0	0	0	0	0	0	0	0	0.01	0	0
D248N	0	0	0	0	0	0.0133333333333333	0	0.0266666666666667	0.00666666666666667	0	0	0	0	0
D248N	0	0	0	0	0	0	0	0	0.00666666666666667	0.01	0	0	0	0
N248G	0	0	0	0	0	0	0	0	0.00666666666666667	0	0	0	0	0
D248V	0	0	0	0	0	0	0	0.0133333333333333	0	0	0	0	0	0
D248N	0	0.0166666666666667	0	0.00333333333333333	0.00666666666666667	0.0233333333333333	0	0	0	0	0	0	0	0
N248D	0	0	0	0	0.00333333333333333	0	0	0	0.00333333333333333	0	0	0	0	0
D248N	0	0.01	0	0	0	0	0	0	0	0	0	0	0	0
D248N	0	0	0	0.0166666666666667	0	0	0	0	0	0	0	0	0	0
N248D	0	0	0	0	0	0	0	0	0.00666666666666667	0	0	0	0	0
G249A	0	0	0	0	0	0	0	0	0	0	0	0.0133333333333333	0	0
G249E	0	0	0	0	0	0	0	0.0166666666666667	0	0	0	0	0	0
G249K	0	0	0	0	0	0	0	0.0133333333333333	0	0	0	0	0	0
G249E	0	0.01	0	0	0	0	0	0	0	0	0	0	0	0
Q250L	0	0	0	0	0	0	0	0	0	0	0	0.0133333333333333	0	0
Q250L	0	0	0	0	0	0	0	0	0	0	0	0.01	0	0
A251P	0	0	0	0	0	0	0	0	0	0	0	0.01	0	0
A251T	0	0	0	0	0	0	0	0	0	0	0	0.0266666666666667	0	0
A251T	0	0	0	0	0	0.00666666666666667	0	0	0	0	0	0	0	0
F256L	0	0	0	0	0	0	0	0	0.0133333333333333	0	0	0	0	0
R257K	0	0	0	0	0	0	0	0	0	0	0	0	0.02	0
R257T	0	0	0	0	0	0	0	0	0	0.00666666666666667	0	0	0	0
R257K	0	0	0	0	0	0	0.00666666666666667	0	0	0	0	0	0	0
R257K	0	0	0	0	0	0	0	0	0.00666666666666667	0.01	0	0	0	0
R257K	0	0	0	0	0	0.0633333333333333	0	0	0	0	0	0	0	0
R257K	0	0	0	0	0	0.0233333333333333	0	0	0	0	0	0	0	0
R257K	0	0.00333333333333333	0.00666666666666667	0	0	0	0	0	0	0	0	0	0	0
R257K	0	0	0.00666666666666667	0	0	0	0	0	0	0	0	0	0	0
R257K	0	0	0	0	0.02	0	0	0	0	0	0	0	0	0
R257K	0	0	0.00333333333333333	0.01	0	0	0	0	0	0	0	0	0	0
R257K	0	0	0	0.01	0.0266666666666667	0.0366666666666667	0.02	0	0	0	0	0	0	0
I258V	0	0	0	0	0	0	0	0	0	0	0	0	0.00666666666666667	0
E259G	0	0	0	0	0	0.00666666666666667	0	0	0	0	0	0	0	0
K260E	0	0	0	0	0	0	0	0	0.0166666666666667	0	0	0	0	0
K260R	0	0	0	0	0	0	0	0.0166666666666667	0	0	0	0	0	0
K260R	0	0	0	0	0.00666666666666667	0	0	0	0	0	0	0	0	0
K260R	0	0	0.00666666666666667	0	0	0	0	0	0	0	0	0	0	0
K262R	0	0	0	0	0	0	0	0	0	0	0	0	0.00666666666666667	0
K262R	0	0	0	0	0	0	0	0	0	0	0.00666666666666667	0	0	0
I263V	0	0	0	0	0	0	0	0	0	0	0	0	0	0.03
I263K	0	0	0	0	0	0.00666666666666667	0	0	0	0	0	0	0	0
I263V	0	0	0.0133333333333333	0	0	0	0	0	0	0	0	0	0	0
V264I	0	0	0	0	0	0	0	0	0	0	0	0.0666666666666667	0.376666666666667	0.486666666666667
V264I	0	0	0	0	0	0	0	0	0	0	0.00666666666666667	0	0	0
V264I	0	0	0	0	0	0	0	0	0	0	0	0	0.0133333333333333	0
V264I	0	0	0	0	0	0	0	0.01	0.00333333333333333	0	0	0	0	0
V264A	0	0	0	0	0	0	0	0.0133333333333333	0	0	0	0	0	0
V264I	0	0	0	0	0.0166666666666667	0	0	0	0	0	0	0	0	0
K265R	0	0	0	0	0	0	0	0	0	0	0	0	0	0.0433333333333333
K265R	0	0	0	0.00666666666666667	0	0	0	0	0	0	0	0	0	0
S266A	0	0	0	0	0	0.00666666666666667	0	0	0	0	0	0	0	0
V267A	0	0	0	0	0	0	0	0	0	0	0.00666666666666667	0	0	0
V267A	0	0	0	0	0	0	0	0	0	0	0.00666666666666667	0	0	0
V267I	0	0	0	0	0	0	0	0	0	0.01	0	0	0	0
V267I	0	0	0	0	0	0	0	0.00666666666666667	0	0	0	0	0	0
E268K	0	0	0	0	0	0.02	0	0	0	0	0	0	0	0
M269I	0	0	0	0	0	0	0	0	0	0	0	0	0	0.0266666666666667
M269I	0	0	0	0	0	0	0	0	0	0.00666666666666667	0	0	0	0
M269I	0	0	0	0.00666666666666667	0	0	0	0	0	0	0	0	0	0
N270K	0	0	0	0	0	0	0	0	0	0	0	0.0666666666666667	0.376666666666667	0.486666666666667
N270K	0	0	0	0	0	0	0	0	0	0	0	0	0.00666666666666667	0
N270D	0	0	0	0	0	0	0	0	0.01	0.00333333333333333	0	0	0	0
N270K	0	0	0	0	0	0.00666666666666667	0	0	0	0	0	0	0	0
P272L	0	0	0	0	0	0	0	0	0	0.01	0	0	0	0
N273T	0	0	0	0	0	0	0	0	0	0.01	0	0	0	0
N273K	0	0	0	0	0	0	0	0	0.00666666666666667	0.01	0	0	0	0
H275Y	0	0	0	0	0	0	0	0	0	0	0	0	0.0133333333333333	0
H275Y	0	0	0	0	0	0	0	0	0	0	0.01	0	0	0
H275Y	0	0	0	0	0	0	0	0	0	0.00333333333333333	0.0133333333333333	0	0	0
Y275H	0	0	0	0	0	0	0	0	0	0.0466666666666667	0.256666666666667	0.123333333333333	0	0
H275Y	0	0	0	0	0	0	0	0	0	0.01	0	0	0	0
H275Y	0	0	0	0	0	0	0	0	0.01	0	0	0	0	0
H275Y	0	0	0	0	0	0	0	0.00666666666666667	0	0	0	0	0	0
H275Y	0	0	0	0	0	0	0	0	0.00666666666666667	0	0	0	0	0
H275Y	0	0	0	0	0.00666666666666667	0	0	0	0	0	0	0	0	0
H275Y	0	0	0	0.00666666666666667	0	0	0	0	0	0	0	0	0	0
H275Y	0	0	0	0.00666666666666667	0	0	0	0	0	0	0	0	0	0
H275Y	0	0	0	0	0	0	0.00666666666666667	0	0	0	0	0	0	0
H275Y	0	0	0	0	0	0	0	0.01	0	0	0	0	0	0
H275Y	0	0	0	0	0	0.0266666666666667	0	0	0	0	0	0	0	0
Y275H	0	0	0	0.00333333333333333	0	0.06	0	0	0	0	0	0	0	0
H275Y	0	0	0	0.0133333333333333	0	0	0	0	0	0	0	0	0	0
H275Y	0	0	0	0	0	0	0.0566666666666667	0.00666666666666667	0	0	0	0	0	0
Y275H	0	0	0	0	0	0	0.00666666666666667	0.00333333333333333	0	0	0	0	0	0
H275Y	0	0	0.01	0	0	0	0.0133333333333333	0	0	0	0	0	0	0
H275Y	0	0	0.00666666666666667	0	0	0	0	0	0	0	0	0	0	0
Y276F	0	0	0	0	0	0	0	0	0	0	0.0133333333333333	0	0	0
E278G	0	0	0	0	0	0.01	0	0	0	0	0	0	0	0
P283L	0	0	0	0	0	0	0	0	0	0.0133333333333333	0	0	0	0
D284I	0	0	0	0	0	0	0	0	0	0.0133333333333333	0	0	0	0
S285Y	0	0	0	0	0	0	0	0	0	0	0	0	0.01	0
S285P	0	0	0	0	0	0	0	0	0	0.0133333333333333	0	0	0	0
S286N	0	0	0	0	0	0	0	0	0	0.00666666666666667	0	0	0	0
E287K	0	0	0	0	0	0	0	0	0	0	0	0	0	0.0633333333333333
E287G	0	0	0	0	0	0	0	0	0	0	0.00666666666666667	0	0	0
E287K	0	0	0	0	0	0	0	0	0	0	0	0	0.03	0.0433333333333333
E287R	0	0	0	0	0	0	0	0.01	0	0	0	0	0	0
E287K	0	0	0	0	0	0	0	0.00666666666666667	0	0.0266666666666667	0	0	0	0
E287K	0	0	0	0	0	0.0133333333333333	0.00333333333333333	0	0.0166666666666667	0	0	0	0	0
E287K	0	0	0.00666666666666667	0	0	0	0	0	0	0	0	0	0	0
I288V	0	0	0	0	0	0	0	0	0	0	0.02	0.03	0	0
I288S	0	0	0	0	0	0	0	0	0.00666666666666667	0	0	0	0	0
I288V	0.146179401993355	0	0	0	0	0	0	0	0	0	0	0	0	0
T289I	0	0	0	0	0	0	0.0633333333333333	0	0	0	0	0	0	0
N295I	0	0	0	0	0	0	0	0.0133333333333333	0	0	0	0	0	0
S299A	0	0	0	0.0233333333333333	0.11	0.00333333333333333	0.00666666666666667	0	0	0	0	0	0	0
S305P	0	0	0	0	0	0	0	0.0133333333333333	0	0	0	0	0	0
F306S	0	0	0	0	0	0	0	0.01	0	0	0	0	0	0
N307D	0	0	0	0	0	0.0133333333333333	0	0	0	0	0	0	0	0
Q308P	0	0	0	0	0	0	0	0	0.00666666666666667	0	0.00666666666666667	0	0	0
Q308L	0	0	0	0	0	0	0	0	0	0	0.00666666666666667	0	0	0
Q308R	0	0	0	0	0	0	0	0	0	0	0	0.01	0	0
Q308P	0	0	0	0	0	0	0	0.00666666666666667	0	0	0	0	0	0
Q308H	0	0	0	0.02	0	0	0	0	0	0	0	0	0	0
N309T	0	0	0	0	0	0	0	0	0.00666666666666667	0	0.00666666666666667	0	0	0
N309S	0	0	0	0	0	0	0	0.00666666666666667	0	0	0	0	0	0
L310P	0	0	0	0	0	0	0	0	0.00666666666666667	0	0.00666666666666667	0	0	0
E311K	0	0	0	0	0	0	0	0	0	0	0.00666666666666667	0	0	0
E311D	0	0	0	0	0	0.01	0	0	0	0	0	0	0	0
E311D	0	0	0	0	0	0	0	0.00666666666666667	0	0	0	0	0	0
Q313L	0	0	0	0	0	0	0	0	0	0	0.00666666666666667	0	0	0
Q313H	0	0	0	0	0	0	0	0	0.00333333333333333	0	0.00666666666666667	0	0	0
Q313R	0	0	0	0	0	0	0	0	0.02	0.00666666666666667	0	0	0	0
Q313R	0	0	0	0	0	0	0	0	0.00666666666666667	0	0	0	0	0
Q313K	0	0	0	0	0	0	0	0.00666666666666667	0.0133333333333333	0.00333333333333333	0	0	0	0
Q313R	0	0	0	0	0	0	0.00666666666666667	0	0	0	0	0	0	0
Q313H	0	0	0	0	0	0	0	0.0133333333333333	0	0	0	0	0	0
Q313R	0	0.00333333333333333	0.0133333333333333	0.0133333333333333	0.04	0	0	0	0	0	0	0	0	0
Q313K	0	0	0	0.00666666666666667	0.00333333333333333	0	0	0	0	0	0	0	0	0
I314M	0	0	0	0	0	0	0	0	0	0	0	0	0.263333333333333	0.296666666666667
I314M	0	0	0	0	0	0	0	0	0	0	0	0	0.00666666666666667	0
I314L	0	0	0	0	0	0	0.00666666666666667	0	0	0	0	0	0	0
I314T	0	0	0	0	0	0	0	0.0133333333333333	0	0	0	0	0	0
I314M	0	0	0	0.0166666666666667	0	0	0	0	0	0	0	0	0	0
G315V	0	0	0	0	0	0	0	0	0.00666666666666667	0	0.00666666666666667	0	0	0
I317V	0	0	0	0	0	0	0	0	0.00666666666666667	0	0.00666666666666667	0	0	0
S319R	0	0	0	0	0	0	0	0	0.00666666666666667	0	0.00666666666666667	0	0	0
I321V	0	0	0	0	0	0	0.0233333333333333	0.0533333333333333	0.1	0.59	0.923333333333333	0.93	1	1
V321I	0	0	0	0	0	0	0	0	0.02	0	0	0	0	0
I321V	0	0	0	0	0	0	0	0	0	0.02	0	0	0	0
I321V	0	0	0	0	0	0	0	0.00666666666666667	0	0	0	0	0	0
I321G	0	0	0	0	0	0	0	0.01	0	0	0	0	0	0
I321V	0	0	0	0	0	0.01	0	0	0	0	0	0	0	0
I321V	0	0	0	0	0	0	0	0.00666666666666667	0	0	0	0	0	0
I321F	0	0	0	0	0	0	0	0.00666666666666667	0	0	0	0	0	0
I321V	0	0.00333333333333333	0	0.00666666666666667	0	0	0	0	0	0	0	0	0	0
F322L	0	0	0	0	0	0	0	0	0.0166666666666667	0.00666666666666667	0	0	0	0
F322L	0	0	0	0	0	0	0	0.00666666666666667	0	0	0	0	0	0
F322L	0	0	0.00333333333333333	0.00666666666666667	0	0	0	0	0	0	0	0	0	0
D324V	0	0.00333333333333333	0.00333333333333333	0	0.00333333333333333	0	0	0.0133333333333333	0	0	0	0	0	0
V324G	0	0	0	0	0	0	0	0.00666666666666667	0	0	0	0	0	0
N325H	0	0	0	0	0	0	0	0.00666666666666667	0	0	0	0	0	0
P326T	0	0	0	0	0	0	0	0.01	0	0	0	0	0	0
R327P	0	0	0	0	0	0	0	0.01	0	0	0	0	0	0
R327A	0	0.00333333333333333	0.00333333333333333	0	0.00333333333333333	0	0	0.0133333333333333	0	0	0	0	0	0
A327P	0	0	0	0	0	0	0	0.00666666666666667	0	0	0	0	0	0
P328S	0	0	0	0	0	0	0	0	0	0	0.00666666666666667	0	0	0
P328L	0	0	0	0	0	0	0	0.00666666666666667	0	0	0	0	0	0
N329E	0	0	0	0	0	0	0	0	0.00666666666666667	0	0.00666666666666667	0	0	0
N329S	0	0	0	0	0	0	0	0.01	0	0	0	0	0	0
N329H	0	0	0	0	0	0.00333333333333333	0.01	0	0	0	0	0	0	0
N329D	0	0	0	0	0	0	0.00666666666666667	0	0	0	0	0	0	0
N329I	0	0	0.00666666666666667	0	0	0	0	0	0	0	0	0	0	0
D330N	0	0	0	0	0	0.01	0	0	0	0	0	0	0	0
D330V	0	0	0	0	0	0	0	0.0133333333333333	0	0	0	0	0	0
K331G	0	0	0	0	0	0	0	0	0.00666666666666667	0	0.00666666666666667	0	0	0
K331R	0	0	0	0	0	0	0	0	0	0	0	0.0266666666666667	0	0
K331R	0	0	0	0	0	0	0	0.00666666666666667	0.0133333333333333	0.00333333333333333	0	0	0	0
K331R	0	0	0	0	0	0	0	0.00666666666666667	0	0	0	0	0	0
T332E	0	0	0	0	0	0	0	0.01	0	0	0	0	0	0
T332P	0	0	0	0	0	0	0	0.00666666666666667	0	0	0	0	0	0
T332K	0	0	0.00666666666666667	0	0	0	0	0	0	0	0	0	0	0
T332K	0	0	0.0233333333333333	0.0766666666666667	0	0	0	0	0	0	0	0	0	0
S334N	0	0	0	0	0	0	0	0	0	0	0	0	0.01	0
S334R	0	0	0	0	0	0	0	0.0133333333333333	0	0	0	0	0	0
C335R	0	0	0	0	0	0.00666666666666667	0	0	0	0	0	0	0	0
G336D	0	0	0	0	0	0	0	0	0	0	0	0	0	0.0366666666666667
G336D	0	0	0	0	0	0	0	0	0	0.00666666666666667	0	0	0	0
G336D	0	0	0	0	0	0	0	0.00666666666666667	0	0	0	0	0	0
G336D	0	0	0.00666666666666667	0	0.00333333333333333	0	0	0	0	0	0	0	0	0
V338A	0	0	0	0	0	0	0.00666666666666667	0	0	0	0	0	0	0
V338G	0	0	0	0	0	0	0	0.00666666666666667	0	0	0	0	0	0
S339L	0	0	0	0	0	0	0	0	0	0	0	0	0.01	0
S339P	0	0	0	0	0	0	0	0	0	0	0.01	0.0233333333333333	0	0
S339Y	0	0	0	0	0	0	0	0	0.00666666666666667	0	0.00666666666666667	0	0	0
S339T	0	0	0	0	0	0	0	0	0	0	0.01	0	0	0
S339P	0	0	0	0	0	0	0	0	0	0	0.01	0	0	0
S339L	0	0	0	0	0	0	0	0	0	0.01	0	0	0	0
S339L	0	0	0	0	0	0	0	0	0	0.00666666666666667	0.00333333333333333	0	0	0
S339P	0	0	0	0.00666666666666667	0	0.0333333333333333	0	0.01	0	0	0	0	0	0
S340V	0	0	0	0	0	0	0	0	0.00666666666666667	0	0.00666666666666667	0	0	0
S340P	0	0	0	0	0	0	0	0	0	0.0166666666666667	0	0	0	0
S340F	0	0	0.00666666666666667	0	0.00333333333333333	0	0	0	0	0	0	0	0	0
S340T	0	0	0	0	0.0266666666666667	0	0	0	0	0	0	0	0	0
N341D	0	0	0	0	0	0	0	0	0.00666666666666667	0	0.00666666666666667	0	0	0
N341S	0	0	0	0	0	0	0	0.00666666666666667	0	0	0	0	0	0
N341I	0	0	0	0	0	0	0	0.0133333333333333	0	0	0	0	0	0
G342A	0	0	0	0	0	0	0	0.0133333333333333	0	0	0	0	0	0
A343T	0	0	0	0	0	0	0	0.00666666666666667	0	0	0	0	0	0
A343S	0	0	0	0	0	0.00666666666666667	0	0	0	0	0	0	0	0
A343S	0	0	0	0	0	0	0	0.0133333333333333	0	0	0	0	0	0
N344K	0	0	0	0	0	0	0	0.01	0	0	0	0	0	0
N344T	0	0.00333333333333333	0.00333333333333333	0	0.00333333333333333	0	0	0.0133333333333333	0	0	0	0	0	0
T344K	0	0	0	0	0	0	0	0.00666666666666667	0	0	0	0	0	0
V346I	0	0	0	0	0	0	0	0	0	0.01	0	0	0	0
V346L	0	0	0	0	0	0	0	0.00666666666666667	0	0	0	0	0	0
V346E	0	0	0	0	0	0	0	0.00666666666666667	0	0	0	0	0	0
K347R	0	0	0	0	0	0	0	0	0.00666666666666667	0	0.00666666666666667	0	0	0
G348A	0	0	0	0	0	0	0	0	0.00666666666666667	0	0.00666666666666667	0	0	0
F351Y	0	0	0	0	0	0	0	0	0.00666666666666667	0	0.00666666666666667	0	0	0
F351I	0	0	0	0	0	0	0	0.00666666666666667	0	0	0	0	0	0
F351L	0	0	0	0	0	0.0133333333333333	0	0	0	0	0	0	0	0
K352R	0	0	0	0	0	0	0	0	0.00666666666666667	0	0.00666666666666667	0	0	0
K352R	0	0	0	0	0	0	0	0	0	0	0.01	0	0	0
K352Q	0	0	0	0	0	0	0	0.00666666666666667	0	0	0	0	0	0
N355T	0	0	0	0	0	0	0.02	0	0	0	0	0	0	0
N355K	0	0	0	0	0	0	0	0.00666666666666667	0	0	0	0	0	0
G356R	0	0	0	0	0	0	0	0.00666666666666667	0	0	0	0	0	0
G356C	0	0	0	0	0	0	0	0.0133333333333333	0	0	0	0	0	0
V357S	0	0	0	0	0	0	0	0.0133333333333333	0	0	0	0	0	0
W358R	0	0	0	0	0	0	0	0.0133333333333333	0	0	0	0	0	0
I359L	0	0	0	0	0	0	0.00666666666666667	0	0	0	0	0	0	0
I359L	0	0	0	0	0	0	0	0.0133333333333333	0	0	0	0	0	0
T362I	0	0	0	0	0	0	0.01	0	0	0	0	0	0	0
T362I	0	0	0	0	0	0.0166666666666667	0	0	0	0	0	0	0	0
S364N	0	0	0	0	0	0	0	0	0	0.00666666666666667	0	0	0	0
I365T	0	0	0	0	0	0	0	0	0	0	0	0	0.333333333333333	0.393333333333333
I365T	0	0	0	0	0	0	0	0	0	0	0	0	0.00666666666666667	0
I365H	0	0	0	0	0	0	0	0	0.00666666666666667	0	0.00666666666666667	0	0	0
I365T	0	0	0	0	0	0	0	0	0.00666666666666667	0	0	0	0	0
I365T	0	0	0	0	0	0	0	0.0433333333333333	0.00666666666666667	0	0	0	0	0
I365V	0	0	0	0	0	0.0133333333333333	0	0	0	0	0	0	0	0
I365T	0	0	0	0.02	0.03	0.0366666666666667	0.02	0	0	0	0	0	0	0
S366I	0	0	0	0	0	0	0	0.00666666666666667	0	0	0	0	0	0
S366N	0	0	0	0	0	0	0	0.00666666666666667	0	0	0	0	0	0
S366N	0	0	0	0	0	0.00666666666666667	0	0	0	0	0	0	0	0
S366I	0	0	0	0	0	0	0	0.0133333333333333	0	0	0	0	0	0
S366N	0	0.00666666666666667	0.00666666666666667	0	0	0	0	0	0	0	0	0	0	0
N366S	0	0.00333333333333333	0.00333333333333333	0.01	0	0	0	0	0	0	0	0	0	0
N366S	0	0	0.00666666666666667	0	0	0	0	0	0	0	0	0	0	0
S367L	0	0	0	0	0	0	0	0	0	0.0166666666666667	0	0	0	0
S367L	0	0	0	0	0	0	0	0	0.00666666666666667	0	0	0	0	0
S367P	0	0	0	0	0	0	0	0	0.01	0	0	0	0	0
S367L	0	0	0	0	0	0	0	0.0133333333333333	0	0	0	0	0	0
R368I	0	0	0	0	0	0	0	0.0133333333333333	0	0	0	0	0	0
N369K	0	0.00333333333333333	0.00333333333333333	0.226666666666667	0.663333333333333	0.876666666666667	0.92	0.963333333333333	0.963333333333333	1	0.99	1	1	1
K369H	0	0	0	0	0	0	0	0	0.00666666666666667	0	0.00666666666666667	0	0	0
K369N	0	0	0	0	0	0	0	0	0.00666666666666667	0	0	0	0	0
K369N	0	0	0	0	0	0	0	0.0166666666666667	0	0	0	0	0	0
K369N	0	0	0	0	0	0	0.0233333333333333	0	0	0	0	0	0	0
N369T	0	0	0.00333333333333333	0.00333333333333333	0	0	0	0	0	0	0	0	0	0
N369S	0	0	0.00666666666666667	0	0	0	0	0	0	0	0	0	0	0
N369S	0	0	0	0.00666666666666667	0	0	0	0	0	0	0	0	0	0
N369K	0	0.0333333333333333	0	0.00333333333333333	0.01	0.0233333333333333	0	0	0.00333333333333333	0	0	0	0	0
N369K	0	0	0.00666666666666667	0	0.00333333333333333	0	0	0	0	0	0	0	0	0
N369K	0	0	0	0.00666666666666667	0.00333333333333333	0	0	0	0	0	0	0	0	0
N369K	0	0	0	0	0	0	0	0.0133333333333333	0	0	0	0	0	0
G370S	0	0	0	0	0	0	0	0.01	0	0	0	0	0	0
M373T	0	0	0	0	0	0.0133333333333333	0	0	0	0	0	0	0	0
I374V	0	0	0	0	0	0	0	0	0	0.00666666666666667	0	0	0	0
I374V	0	0	0	0	0	0	0	0.00333333333333333	0.00333333333333333	0	0	0	0	0
I374V	0	0	0	0	0.0166666666666667	0	0	0	0	0	0	0	0	0
I374V	0	0	0	0	0.01	0	0	0	0	0	0	0	0	0
W375R	0	0	0	0	0	0	0	0.00666666666666667	0	0	0	0	0	0
W375C	0	0	0	0	0	0	0	0.0133333333333333	0	0	0	0	0	0
N378D	0	0	0	0	0	0.00666666666666667	0	0	0	0	0	0	0	0
T381I	0	0	0	0	0	0	0	0	0	0	0	0	0.01	0.0466666666666667
T381S	0	0	0	0	0	0	0	0	0	0.00666666666666667	0	0	0	0
T381N	0	0	0	0	0	0	0	0	0	0	0.01	0.04	0	0
T381N	0	0	0	0	0	0	0	0	0	0	0.01	0.0433333333333333	0	0
T381N	0	0	0	0	0	0	0	0	0.01	0.00333333333333333	0	0	0	0
T381N	0	0	0	0	0	0	0.0166666666666667	0	0	0	0	0	0	0
T381P	0	0	0	0	0	0	0	0.0133333333333333	0	0	0	0	0	0
G382R	0	0	0	0	0	0	0	0	0	0	0	0	0	0.0333333333333333
G382E	0	0	0	0	0	0	0	0	0.00666666666666667	0	0.00666666666666667	0	0	0
G382E	0	0	0	0	0	0	0	0	0	0.0133333333333333	0	0	0	0
G382R	0	0	0	0.00333333333333333	0.02	0	0	0	0	0	0	0	0	0
G382E	0	0	0	0	0	0	0	0.01	0	0	0	0	0	0
G382E	0	0.0133333333333333	0.0166666666666667	0.01	0	0	0	0	0	0	0	0	0	0
T383I	0	0	0	0	0	0.01	0	0.00666666666666667	0	0	0	0	0	0
T383A	0	0	0	0	0	0	0.00666666666666667	0	0	0	0	0	0	0
N385S	0	0	0	0	0	0	0	0	0.00666666666666667	0	0.00666666666666667	0	0	0
N385K	0	0	0.00666666666666667	0	0	0	0	0	0	0	0	0	0	0
N386K	0	0	0	0	0	0	0	0	0	0	0.203333333333333	0.443333333333333	0.97	0.956666666666667
N386K	0	0	0	0	0	0	0	0	0.00666666666666667	0	0.00666666666666667	0	0	0
N386K	0	0	0	0	0	0	0	0	0.0133333333333333	0.00666666666666667	0.233333333333333	0.233333333333333	0	0
N386S	0	0	0	0	0	0	0.0266666666666667	0.0433333333333333	0.0166666666666667	0	0	0	0	0
N386S	0	0	0	0	0	0.00666666666666667	0	0	0	0	0	0	0	0
N386Y	0	0	0	0	0	0	0.02	0.01	0	0	0	0	0	0
N386S	0	0	0	0.00333333333333333	0	0.08	0	0	0	0	0	0	0	0
N386S	0	0	0	0	0	0.00666666666666667	0	0	0	0	0	0	0	0
N386D	0	0	0	0	0	0	0.02	0.01	0	0	0	0	0	0
N386K	0	0	0.00666666666666667	0	0.00333333333333333	0	0	0	0	0	0	0	0	0
N386K	0	0	0.01	0	0	0	0	0	0	0	0	0	0	0
N386K	0	0	0	0.00666666666666667	0	0	0	0	0	0	0	0	0	0
N386K	0	0	0.00666666666666667	0	0	0	0	0	0	0	0	0	0	0
N386K	0	0	0	0	0.0266666666666667	0	0	0	0	0	0	0	0	0
N386D	0	0.0166666666666667	0.00333333333333333	0	0	0	0	0	0	0	0	0	0	0
N386K	0	0	0	0	0.00666666666666667	0	0	0	0	0	0	0	0	0
N386S	0	0.00333333333333333	0	0.00666666666666667	0	0	0	0	0	0	0	0	0	0
N386S	0	0	0	0.02	0.03	0.0366666666666667	0.02	0	0	0	0	0	0	0
N386K	0	0	0	0.01	0	0	0	0	0	0	0	0	0	0
F387S	0	0	0	0	0	0.01	0	0	0	0	0	0	0	0
I389V	0	0	0	0	0	0	0	0	0.00666666666666667	0	0.00666666666666667	0	0	0
I389T	0	0	0	0	0	0	0	0	0.0433333333333333	0.0133333333333333	0	0	0.03	0.0433333333333333
I389T	0	0	0	0	0	0	0	0	0.0133333333333333	0.00333333333333333	0	0	0	0
I389T	0	0	0	0	0	0	0	0	0.00666666666666667	0	0	0	0	0
I389T	0	0	0	0	0	0	0.01	0.0166666666666667	0.00333333333333333	0	0	0	0	0
I389K	0	0	0	0	0.0133333333333333	0	0	0	0	0	0	0	0	0
I389V	0	0	0	0.0266666666666667	0.01	0	0	0	0	0	0	0	0	0
I389M	0	0	0	0	0.0266666666666667	0.0366666666666667	0.02	0	0	0	0	0	0	0
I389K	0	0	0	0.00666666666666667	0	0	0	0	0	0	0	0	0	0
K390R	0	0	0	0	0	0	0	0	0	0	0	0	0	0.03
K390R	0	0	0	0	0	0	0	0	0.00666666666666667	0	0.00666666666666667	0	0	0
K390R	0	0	0	0	0	0	0	0	0	0	0	0.00666666666666667	0	0
Q391E	0	0	0	0	0	0.01	0	0	0	0	0	0	0	0
D392N	0	0	0	0	0	0	0.01	0	0	0	0	0	0	0
I393V	0	0	0	0	0	0	0	0	0	0	0	0	0.15	0
I393V	0	0	0	0	0	0	0	0	0	0	0	0	0.04	0.0166666666666667
I393V	0	0	0	0	0	0	0	0	0.00666666666666667	0	0.00666666666666667	0	0	0
I393V	0	0	0	0	0	0	0	0	0	0.0133333333333333	0	0	0	0
V394I	0	0	0	0	0	0	0	0	0	0	0	0	0.0533333333333333	0.04
V394I	0	0	0	0	0	0	0	0	0	0.00666666666666667	0.0133333333333333	0	0	0
V394I	0	0	0	0	0	0	0	0	0.00666666666666667	0	0	0	0	0
V394I	0	0	0	0	0	0.00666666666666667	0	0	0	0	0	0	0	0
V394A	0	0	0	0	0	0.00666666666666667	0	0	0	0	0	0	0	0
V394I	0	0	0	0	0.0166666666666667	0	0	0	0	0	0	0	0	0
V394I	0	0	0.00333333333333333	0.0133333333333333	0.04	0	0	0	0	0	0	0	0	0
V394I	0	0.0133333333333333	0.00333333333333333	0.01	0	0	0	0	0	0	0	0	0	0
V394I	0	0	0	0.0266666666666667	0.01	0	0	0	0	0	0	0	0	0
V394I	0	0	0	0.02	0.02	0	0.00333333333333333	0	0	0	0	0	0	0
V394I	0	0.00333333333333333	0.00333333333333333	0.00666666666666667	0	0	0	0	0	0	0	0	0	0
G395A	0	0	0	0	0	0	0	0	0.00666666666666667	0	0.00666666666666667	0	0	0
G395E	0	0	0	0	0	0.00666666666666667	0	0	0	0	0	0	0	0
I396M	0	0	0	0	0	0	0	0	0.00666666666666667	0	0.00666666666666667	0	0	0
I396V	0	0	0	0	0	0	0	0	0	0	0.00666666666666667	0	0	0
I396T	0	0	0	0	0	0	0	0.0266666666666667	0	0	0	0	0	0
I396M	0	0	0	0	0	0	0	0.00666666666666667	0	0	0	0	0	0
I396M	0	0	0	0	0	0	0	0	0	0.00666666666666667	0	0	0	0
I396L	0	0	0	0	0	0	0	0	0	0.01	0	0	0	0
I396V	0	0	0	0	0	0	0	0	0	0.0166666666666667	0	0	0	0
I396M	0	0	0	0	0	0	0	0.00666666666666667	0	0	0	0	0	0
I396M	0	0	0	0	0	0.00666666666666667	0	0	0	0	0	0	0	0
I396T	0	0	0	0.01	0.0166666666666667	0.01	0	0	0	0	0	0	0	0
I396L	0	0	0	0	0.00666666666666667	0.01	0	0	0	0	0	0	0	0
I396V	0	0	0	0	0	0	0.01	0.0133333333333333	0	0	0	0	0	0
I396L	0	0	0	0	0	0.00666666666666667	0	0	0	0	0	0	0	0
I396T	0	0	0.01	0	0	0	0	0	0	0	0	0	0	0
N397K	0	0	0	0	0	0	0	0	0	0	0	0.01	0	0
N397T	0	0	0	0	0	0	0	0	0.00666666666666667	0	0.00666666666666667	0	0	0
N397K	0	0	0	0	0	0	0	0	0	0.126666666666667	0.423333333333333	0.253333333333333	0	0
N397K	0	0	0	0	0	0	0	0	0	0	0.00666666666666667	0	0	0
N397S	0	0	0	0	0	0	0	0	0	0.01	0	0	0	0
N397S	0	0	0	0	0	0	0	0.0166666666666667	0	0	0	0	0	0
N397K	0	0	0	0.05	0.02	0	0	0	0	0	0	0	0	0
K397N	0	0.00666666666666667	0.00666666666666667	0.0233333333333333	0	0	0	0	0	0	0	0	0	0
N397K	0	0	0	0.00666666666666667	0	0	0	0	0	0	0	0	0	0
E398Q	0	0	0	0	0	0	0	0	0	0	0	0	0	0.0233333333333333
E398D	0	0	0	0	0	0	0	0	0.00666666666666667	0	0.00666666666666667	0	0	0
E398D	0	0	0	0.01	0	0	0	0.01	0	0	0	0	0	0
E398A	0	0	0.00333333333333333	0.00333333333333333	0	0	0	0	0	0	0	0	0	0
S400T	0	0	0.00333333333333333	0.00333333333333333	0	0	0	0	0	0	0	0	0	0
G401E	0	0	0	0	0	0	0	0	0	0	0	0.0266666666666667	0	0
Y402N	0	0	0	0	0	0	0	0	0	0	0	0.0133333333333333	0	0
Y402K	0	0	0	0	0	0	0	0	0	0	0	0.0266666666666667	0	0
Y402N	0	0	0	0	0	0	0	0	0	0	0	0.0166666666666667	0	0
Y402E	0	0	0	0	0	0	0	0	0	0	0	0.01	0	0
S403D	0	0	0	0	0	0	0	0	0	0	0	0.0166666666666667	0	0
S403N	0	0	0	0	0	0	0	0	0	0	0.00666666666666667	0	0	0
V407I	0	0	0	0	0	0	0	0	0	0.0233333333333333	0.00333333333333333	0	0	0
V407I	0	0.00666666666666667	0	0	0	0	0.00666666666666667	0	0	0	0	0	0	0
H409Q	0	0	0.0133333333333333	0	0	0	0	0	0	0	0	0	0	0
L412I	0	0	0	0	0	0.0233333333333333	0	0	0	0	0	0	0	0
L412M	0	0	0	0	0	0	0.00666666666666667	0.0166666666666667	0	0	0	0	0	0
L412I	0	0	0	0	0	0	0	0.00666666666666667	0	0	0	0	0	0
T413S	0	0	0	0	0	0	0	0	0.01	0	0	0	0	0
L415S	0	0	0	0	0	0	0	0	0.01	0	0	0	0	0
L415M	0	0	0	0	0	0	0	0	0.00666666666666667	0	0	0	0	0
L415P	0	0	0	0	0	0.00666666666666667	0	0	0	0	0	0	0	0
L415M	0	0	0	0	0.0233333333333333	0	0	0	0	0	0	0	0	0
D416N	0	0	0	0	0	0	0	0	0	0	0.00666666666666667	0	0	0
D416V	0	0	0	0	0	0	0	0	0.01	0	0	0	0	0
D416N	0	0	0	0	0	0	0.00333333333333333	0.0833333333333333	0	0	0	0	0	0
D416G	0	0	0	0	0	0.01	0	0	0	0	0	0	0	0
D416N	0	0.00333333333333333	0	0	0	0	0.00333333333333333	0	0	0	0	0	0	0
D416N	0	0	0.00666666666666667	0	0	0	0	0	0	0	0	0	0	0
D416N	0	0	0.00333333333333333	0.00333333333333333	0	0	0	0	0	0	0	0	0	0
I418M	0	0	0	0	0	0	0	0	0.00666666666666667	0	0.00666666666666667	0	0	0
I418M	0	0	0	0	0	0	0	0	0.01	0	0	0	0	0
R419T	0	0	0	0	0	0	0	0	0.01	0	0	0	0	0
P420I	0	0	0	0	0	0	0	0	0.01	0	0	0	0	0
C421G	0	0	0	0	0	0	0	0	0.01	0	0	0	0	0
F422M	0	0	0	0	0	0	0	0	0.01	0	0	0	0	0
W423A	0	0	0	0	0	0	0	0	0.01	0	0	0	0	0
V424I	0	0	0	0	0	0	0	0	0	0	0.00666666666666667	0	0	0
V424N	0	0	0	0	0	0	0	0	0.01	0	0	0	0	0
V424I	0	0	0	0	0	0	0	0	0	0.00666666666666667	0.00333333333333333	0	0	0
E425L	0	0	0	0	0	0	0	0	0.01	0	0	0	0	0
L426I	0	0	0	0	0	0	0	0	0.01	0	0	0	0	0
L426I	0	0	0	0	0	0	0.01	0	0	0	0	0	0	0
R428K	0	0	0	0	0	0	0	0	0	0	0	0.01	0	0
G429R	0	0	0	0	0	0.00666666666666667	0	0	0	0	0	0	0	0
R430Q	0	0	0	0	0	0	0	0	0	0.01	0	0	0	0
R430L	0	0	0	0	0.00666666666666667	0	0	0	0	0	0	0	0	0
R430Q	0	0	0	0	0	0.0166666666666667	0	0	0	0	0	0	0	0
R430L	0	0.0133333333333333	0	0.00333333333333333	0	0	0	0	0	0	0	0	0	0
K432E	0	0	0	0	0	0	0	0	0.0166666666666667	0.276666666666667	0.906666666666667	0.93	0.97	0.956666666666667
E432K	0	0	0	0	0	0	0	0	0.00666666666666667	0	0.00666666666666667	0	0	0
K432G	0	0	0	0	0	0.01	0	0	0	0	0	0	0	0
N434K	0	0	0	0	0	0	0	0	0	0	0.0133333333333333	0	0	0
N434K	0	0	0	0	0	0	0	0	0	0	0.00666666666666667	0	0	0
I436V	0	0	0	0	0	0	0	0.00666666666666667	0	0	0	0	0	0
I436V	0	0	0	0	0.00333333333333333	0.01	0.00333333333333333	0	0	0	0	0	0	0
I436V	0	0	0	0	0	0	0	0.00666666666666667	0	0	0	0	0	0
I436V	0	0.00333333333333333	0	0	0	0	0.00333333333333333	0	0	0	0	0	0	0
I436V	0	0	0	0	0.0266666666666667	0.0366666666666667	0.02	0	0	0	0	0	0	0
W437R	0	0	0	0	0	0.00666666666666667	0	0	0	0	0	0	0	0
T438A	0	0	0	0	0	0	0	0	0	0	0	0	0	0.0166666666666667
T438A	0	0	0	0	0	0	0.00666666666666667	0	0.00333333333333333	0	0	0	0	0
S439G	0	0	0	0	0	0	0	0	0	0	0	0.103333333333333	0	0
S439R	0	0	0	0	0	0	0	0	0	0	0.01	0.04	0	0
S439R	0	0	0	0	0	0	0	0	0.00666666666666667	0	0	0	0	0
G440A	0	0	0	0	0	0	0	0	0.00666666666666667	0	0.00666666666666667	0	0	0
G440E	0	0	0	0	0	0	0	0	0	0	0.01	0.0133333333333333	0	0
E440R	0	0	0	0	0	0	0	0	0	0	0	0.0266666666666667	0	0
S441N	0	0	0	0	0	0	0	0	0	0	0	0.0166666666666667	0	0
S442N	0	0	0	0	0	0	0	0	0	0	0	0.0333333333333333	0	0
S442T	0	0	0	0	0	0	0	0	0	0	0.01	0.04	0	0
S442T	0	0	0	0	0	0	0	0	0	0	0	0.0266666666666667	0	0
S442N	0	0	0	0	0	0	0	0	0.00333333333333333	0	0	0.0266666666666667	0	0
S442N	0	0	0	0	0	0	0	0	0	0	0	0.01	0	0
S442I	0	0	0	0	0	0	0	0	0.00666666666666667	0	0	0	0	0
S442I	0	0	0	0	0	0	0	0.01	0	0	0	0	0	0
S442I	0	0	0	0	0	0	0	0.01	0	0	0	0	0	0
S442I	0	0	0	0.0133333333333333	0.0166666666666667	0	0	0	0	0	0	0	0	0
S442I	0	0	0.00666666666666667	0	0	0	0	0	0	0	0	0	0	0
I443M	0	0	0	0	0	0	0	0	0	0	0	0	0.0533333333333333	0.04
I443V	0	0	0	0	0	0	0	0	0	0.00666666666666667	0	0	0	0
I443K	0	0	0	0	0	0	0	0	0	0	0	0.02	0	0
I443R	0	0	0	0	0	0	0	0	0.00666666666666667	0	0	0	0	0
I443V	0	0	0	0	0	0.01	0	0	0	0	0	0	0	0
I443M	0	0	0	0	0.01	0	0	0	0	0	0	0	0	0
M443I	0	0	0	0.00333333333333333	0	0.1	0	0	0	0	0	0	0	0
I443R	0	0.00333333333333333	0	0	0.0166666666666667	0.0333333333333333	0	0	0	0	0	0	0	0
I443R	0	0.00666666666666667	0	0.00333333333333333	0	0	0	0	0	0	0	0	0	0
S444T	0	0	0	0	0	0	0	0	0	0	0	0.02	0	0
S444P	0	0	0	0	0	0.00666666666666667	0	0	0	0	0	0	0	0
S444Y	0	0	0	0	0.00666666666666667	0.00666666666666667	0	0	0	0	0	0	0	0
S444H	0	0.00333333333333333	0	0	0.0166666666666667	0.0333333333333333	0	0	0	0	0	0	0	0
S444H	0	0.00666666666666667	0	0.00333333333333333	0	0	0	0	0	0	0	0	0	0
F445I	0	0	0	0	0.00666666666666667	0.00666666666666667	0	0	0	0	0	0	0	0
F445Y	0	0	0	0.00666666666666667	0	0	0	0	0	0	0	0	0	0
F445S	0	0.00333333333333333	0	0	0.0166666666666667	0.0333333333333333	0	0	0	0	0	0	0	0
F445I	0	0.00666666666666667	0	0.00333333333333333	0	0	0	0	0	0	0	0	0	0
G447S	0	0	0	0	0	0	0	0.0133333333333333	0	0	0	0	0	0
V448I	0	0	0	0	0	0	0	0	0.0133333333333333	0	0	0	0	0
V448G	0	0	0	0	0.00666666666666667	0.00666666666666667	0	0	0	0	0	0	0	0
V448L	0	0.00333333333333333	0	0	0.0166666666666667	0.0333333333333333	0	0	0	0	0	0	0	0
N449K	0	0	0	0	0	0	0	0	0.00333333333333333	0.00333333333333333	0.15	0	0	0
N449D	0	0	0	0	0	0	0	0.00666666666666667	0	0	0	0	0	0
N449D	0	0	0	0	0	0	0	0.0133333333333333	0	0	0	0	0	0
N449H	0	0	0	0	0.00666666666666667	0	0	0	0	0	0	0	0	0
N449K	0	0	0	0	0	0	0.00666666666666667	0	0	0	0	0	0	0
S450N	0	0	0	0	0	0	0	0	0.00333333333333333	0	0.00333333333333333	0	0	0
S450G	0	0	0	0	0	0.00666666666666667	0	0	0	0	0	0	0	0
S450N	0	0	0	0	0.00666666666666667	0.00666666666666667	0	0	0	0	0	0	0	0
S450G	0	0	0	0	0.00666666666666667	0	0	0	0	0	0	0	0	0
D451N	0	0	0	0	0	0	0	0	0	0	0	0	0.0133333333333333	0
D451G	0	0	0	0	0	0	0	0	0	0	0.00666666666666667	0	0	0
D451G	0	0	0	0	0	0	0	0	0	0.00666666666666667	0	0	0	0
D451G	0	0	0	0	0	0	0.0366666666666667	0.0566666666666667	0.0166666666666667	0	0	0	0	0
G451D	0	0	0	0	0	0.0166666666666667	0	0	0	0	0	0	0	0
D451Y	0	0	0	0	0	0.0166666666666667	0	0	0	0	0	0	0	0
D451N	0	0	0	0.00333333333333333	0.00666666666666667	0.01	0	0	0	0	0	0	0	0
D451G	0	0.0333333333333333	0	0.00333333333333333	0.01	0.0233333333333333	0	0	0.00333333333333333	0	0	0	0	0
D451N	0	0	0.00333333333333333	0.00333333333333333	0	0	0	0	0	0	0	0	0	0
D451E	0	0	0	0	0.00666666666666667	0	0	0	0	0	0	0	0	0
T452I	0	0	0	0	0	0	0	0	0	0	0.00666666666666667	0	0	0
T452A	0	0	0.00666666666666667	0	0	0	0	0	0	0	0	0	0	0
T452I	0	0	0	0.00666666666666667	0	0	0	0	0	0	0	0	0	0
V453M	0	0	0	0	0	0	0	0	0	0	0	0	0	0.0133333333333333
V453M	0	0	0	0	0	0	0	0	0.01	0	0	0.0733333333333333	0	0
V453M	0	0	0	0	0	0	0	0	0.0133333333333333	0.01	0	0	0	0
V453M	0	0	0	0	0	0.00666666666666667	0	0	0	0	0	0	0	0
V453M	0	0	0	0	0	0.01	0	0	0	0	0	0	0	0
V453M	0	0	0	0.00333333333333333	0	0.0333333333333333	0	0	0	0	0	0	0	0
V453M	0	0	0	0	0	0	0	0.0233333333333333	0	0	0	0	0	0
V453M	0	0	0	0.00333333333333333	0.00333333333333333	0	0	0	0	0	0	0	0	0
G454D	0	0	0	0	0	0	0	0	0	0	0	0	0	0.0366666666666667
G454D	0	0	0	0	0	0	0	0	0.00666666666666667	0	0.00666666666666667	0	0	0
G454V	0	0	0	0	0	0	0	0	0.00666666666666667	0	0	0	0	0
G454S	0	0	0	0	0	0	0.01	0.0133333333333333	0	0	0	0	0	0
G454D	0	0	0	0	0	0	0.00666666666666667	0	0	0	0	0	0	0
G454D	0	0	0	0	0	0	0	0.01	0	0	0	0	0	0
G454S	0	0	0.00666666666666667	0	0	0	0	0	0	0	0	0	0	0
G454D	0	0	0	0.00666666666666667	0	0	0	0	0	0	0	0	0	0
S456F	0	0	0	0	0	0	0	0	0	0.0133333333333333	0	0	0	0
S456F	0	0	0	0	0	0	0	0	0	0.00666666666666667	0	0	0	0
S456F	0	0	0.00666666666666667	0	0.00333333333333333	0	0	0	0	0	0	0	0	0
W457G	0	0	0	0	0	0	0	0	0	0.00666666666666667	0	0	0	0
P458Q	0	0	0	0	0.00666666666666667	0.00666666666666667	0	0	0	0	0	0	0	0
E462K	0	0	0.01	0	0	0	0	0	0	0	0	0	0	0
L463F	0	0	0	0	0	0.0133333333333333	0	0	0	0	0	0	0	0
L463F	0	0	0	0	0	0.01	0	0	0	0	0	0	0	0
L463C	0	0	0	0	0	0.0233333333333333	0	0	0	0	0	0	0	0
P464T	0	0	0	0	0	0	0	0	0	0.00666666666666667	0	0	0	0
F465V	0	0	0	0	0	0	0	0	0	0	0	0.0133333333333333	0	0
T466I	0	0	0	0	0	0	0	0	0	0.00666666666666667	0	0	0	0
T466P	0	0	0	0	0	0	0	0	0.00333333333333333	0.00666666666666667	0	0	0	0
T466I	0	0	0	0	0	0.01	0	0	0	0	0	0	0	0
T466I	0	0.00666666666666667	0	0.00333333333333333	0	0.00666666666666667	0.00333333333333333	0	0	0	0	0	0	0
T466I	0	0.00333333333333333	0.00333333333333333	0.0166666666666667	0	0	0	0	0	0	0	0	0	0
I467F	0	0	0	0	0	0	0	0	0.00333333333333333	0.00666666666666667	0	0	0	0
I467V	0	0	0	0	0	0	0	0	0	0.01	0	0	0	0
I467V	0	0	0	0	0	0	0	0	0.00666666666666667	0	0	0	0	0
I467V	0	0	0	0	0.0133333333333333	0	0.00666666666666667	0.213333333333333	0	0	0	0	0	0
I467N	0	0	0	0.00333333333333333	0	0	0.0166666666666667	0	0	0	0	0	0	0
I467N	0	0	0	0	0	0	0.0133333333333333	0	0	0	0	0	0	0
I467V	0	0	0	0	0.0233333333333333	0	0	0	0	0	0	0	0	0
I467N	0	0	0	0	0	0	0.01	0	0	0	0	0	0	0
D468H	0	0	0	0	0	0	0	0	0.00333333333333333	0.00666666666666667	0	0	0	0
K469N	0	0	0	0	0	0.0166666666666667	0.01	0.0133333333333333	0	0	0	0	0	0
K469N	0	0	0	0.00666666666666667	0	0.0333333333333333	0	0.01	0	0	0	0	0	0
K469N	0	0	0	0.01	0.0166666666666667	0.0133333333333333	0	0	0	0	0	0	0	0
K469N	0	0	0	0	0	0.0133333333333333	0	0	0	0	0	0	0	0
K469N	0	0	0	0	0	0	0	0.0166666666666667	0.00333333333333333	0	0	0	0	0
K469N	0	0	0	0	0	0.0266666666666667	0	0	0	0	0	0	0	0
