D3N	0	0	0	0	0.01	0	0	0	0	0	0	0	0	0
D3E	0	0	0.00666666666666667	0.00666666666666667	0.00666666666666667	0	0	0	0	0	0	0	0	0
D3G	0	0.0133333333333333	0.00666666666666667	0	0	0	0	0	0	0	0	0	0	0
G3D	0	0.00666666666666667	0.00333333333333333	0	0	0	0	0	0	0	0	0	0	0
D3G	0	0.00666666666666667	0	0	0	0	0	0	0	0	0	0	0	0
V5M	0	0	0	0	0	0	0	0	0	0	0.00666666666666667	0	0	0
Q7R	0	0	0	0	0	0	0.01	0	0	0	0	0	0	0
Q7R	0	0	0	0	0	0	0.0133333333333333	0	0	0	0	0	0	0
Q7R	0	0	0.00666666666666667	0	0	0	0	0	0	0	0	0	0	0
R7Q	0	0	0.0133333333333333	0.00666666666666667	0.0366666666666667	0	0.02	0	0	0	0	0	0	0
C8S	0	0	0	0	0	0	0.01	0	0	0	0	0	0	0
C8S	0	0	0	0	0	0	0.01	0	0	0	0	0	0	0
P11S	0	0	0	0.00666666666666667	0	0	0	0	0	0	0	0	0	0
M12I	0	0	0	0	0.00666666666666667	0	0	0	0	0	0	0	0	0
I13V	0	0	0	0	0	0	0	0	0	0	0.00666666666666667	0	0	0
I13V	0	0	0	0	0	0	0	0	0	0	0.00666666666666667	0	0	0
I13V	0	0	0	0	0	0.01	0	0	0	0	0	0	0	0
I13V	0	0	0	0	0	0	0.0166666666666667	0	0	0	0	0	0	0
I13V	0	0	0	0	0	0	0	0	0	0	0.01	0	0	0
V13I	0	0	0	0	0	0	0	0	0	0	0.01	0	0	0
V14I	0	0	0	0.00666666666666667	0	0	0	0	0	0	0	0	0	0
V14I	0	0.0266666666666667	0.143333333333333	0.153333333333333	0	0	0	0	0	0	0	0	0	0
I14V	0	0.00666666666666667	0.00333333333333333	0	0	0	0	0	0	0	0	0	0	0
V14I	0	0	0.00333333333333333	0.0233333333333333	0.11	0.37	0.0266666666666667	0.0366666666666667	0	0	0	0	0	0
I14V	0	0	0	0	0.00666666666666667	0	0	0	0	0	0	0	0	0
V14I	0	0.0166666666666667	0.01	0	0	0	0	0	0	0	0	0	0	0
K19R	0	0	0	0	0	0	0.0166666666666667	0	0	0	0	0	0	0
K19R	0	0	0	0.00666666666666667	0	0	0	0	0	0	0	0	0	0
D27E	0	0	0	0.0133333333333333	0	0	0	0	0	0	0	0	0	0
I30T	0	0	0	0	0	0	0.0166666666666667	0	0	0	0	0	0	0
I30N	0	0	0	0	0	0.03	0	0	0	0	0	0	0	0
I30T	0	0	0	0.1	0	0	0	0	0	0	0	0	0	0
I30V	0	0	0	0.0166666666666667	0.0566666666666667	0.01	0	0	0	0	0	0	0	0
F35L	0	0	0	0	0	0	0	0	0	0	0.00666666666666667	0	0	0
F35I	0	0	0	0.00666666666666667	0.00333333333333333	0	0	0	0	0	0	0	0	0
F35L	0	0	0	0.00333333333333333	0.00333333333333333	0	0	0	0	0	0	0	0	0
F35L	0	0	0.01	0	0	0	0	0	0	0	0	0	0	0
A37S	0	0	0	0.00666666666666667	0	0	0	0	0	0	0	0	0	0
V44I	0	0	0	0	0	0	0	0	0	0	0.0133333333333333	0	0	0
V44I	0	0	0	0.00666666666666667	0	0	0	0	0	0	0	0	0	0
I54V	0	0	0	0	0	0	0	0.133333333333333	0	0	0	0	0	0
I54V	0	0	0	0.0233333333333333	0	0	0	0	0	0	0	0	0	0
D55N	0	0	0	0	0	0	0	0	0	0.0133333333333333	0	0	0	0
D55N	0	0	0	0.00666666666666667	0	0	0	0	0	0	0	0	0	0
D55N	0	0	0	0	0	0	0.01	0	0	0	0	0	0	0
R57W	0	0	0	0	0	0	0	0	0	0	0	0	0.01	0
R57Q	0	0	0	0	0	0	0	0	0	0	0	0	0	0.126666666666667
R57Q	0	0	0	0	0	0	0	0.0533333333333333	0	0	0	0	0	0
I61M	0	0	0	0	0	0	0	0	0	0.0833333333333333	0.0233333333333333	0	0	0
I61M	0	0	0	0	0	0	0	0	0.00666666666666667	0	0	0	0	0
I61M	0	0	0	0	0	0.0266666666666667	0	0	0	0	0	0	0	0
V63L	0	0	0	0	0	0	0	0	0	0	0.00666666666666667	0	0	0
V63I	0	0	0	0	0	0	0	0	0.00333333333333333	0.03	0	0	0	0
I63V	0	0	0	0	0	0	0	0	0	0.02	0	0	0	0
G66S	0	0	0	0	0	0	0.0133333333333333	0	0	0	0	0	0	0
P68S	0	0	0	0	0	0	0	0	0	0	0	0	0	0.0266666666666667
A70S	0	0	0	0.00666666666666667	0	0	0	0	0	0	0	0	0	0
A70V	0	0	0.0333333333333333	0.00666666666666667	0.04	0	0.02	0	0	0	0	0	0	0
M86I	0	0	0	0	0	0	0	0	0	0	0	0	0.01	0
V90M	0	0	0.0166666666666667	0	0	0	0	0	0	0	0	0	0	0
V90M	0	0	0	0	0.0233333333333333	0	0.02	0	0	0	0	0	0	0
V90M	0	0	0	0	0.00666666666666667	0	0	0	0	0	0	0	0	0
G99R	0	0	0	0	0	0	0	0	0	0	0	0	0.00666666666666667	0
G99E	0	0	0	0	0	0	0	0	0	0.02	0	0	0	0
G99E	0	0.00333333333333333	0	0.00666666666666667	0	0	0	0	0	0	0	0	0	0
V100I	0	0	0	0	0	0.02	0.0433333333333333	0	0.0566666666666667	0.77	0.94	1	1	1
I100T	0	0	0	0	0	0	0	0	0	0	0.00666666666666667	0	0	0
I100M	0	0	0	0	0	0	0	0	0	0	0.00666666666666667	0	0	0
V100A	0	0	0	0	0	0	0	0.0333333333333333	0	0	0	0	0	0
V100I	0	0	0	0	0	0	0	0	0	0	0.01	0	0	0
I100V	0	0	0	0	0	0	0	0	0	0	0.0233333333333333	0	0	0
V100I	0	0	0.01	0	0	0	0	0	0	0	0	0	0	0
V100A	0	0	0.00666666666666667	0	0	0	0	0	0	0	0	0	0	0
V100I	0	0.00666666666666667	0.00333333333333333	0	0	0	0	0	0	0	0	0	0	0
E101K	0	0	0	0	0	0	0	0	0	0	0.00666666666666667	0	0	0
K104R	0	0	0	0.0133333333333333	0	0	0	0	0	0	0	0	0	0
F105L	0	0	0	0.00666666666666667	0	0	0	0	0	0	0	0	0	0
L109F	0	0	0	0	0	0	0.0233333333333333	0	0	0	0	0	0	0
E114K	0	0	0	0	0	0	0.0266666666666667	0	0	0	0	0	0	0
N115D	0	0.00666666666666667	0.00333333333333333	0	0	0	0	0	0	0	0	0	0	0
V127I	0	0	0	0	0	0	0	0	0	0	0.00666666666666667	0	0	0
V127I	0	0	0	0	0	0	0	0	0	0	0.0133333333333333	0	0	0
I129T	0	0	0	0	0	0	0	0	0	0	0	0	0.106666666666667	0
I129T	0	0	0	0	0	0	0	0	0	0	0.00666666666666667	0	0	0
S140F	0	0	0	0.00666666666666667	0.00333333333333333	0	0	0	0	0	0	0	0	0
E141D	0	0	0.00666666666666667	0	0	0	0	0	0	0	0	0	0	0
K142R	0	0	0	0	0	0	0	0	0	0	0.0166666666666667	0	0	0
K142N	0	0	0	0	0.00333333333333333	0.03	0	0	0	0	0	0	0	0
I145L	0	0	0	0	0	0	0	0	0.01	0	0	0	0	0
T151I	0	0	0	0	0	0	0	0	0	0	0.00666666666666667	0	0	0
T151N	0	0	0	0	0	0	0.00666666666666667	0	0	0	0	0	0	0
E153G	0	0	0	0	0	0	0	0	0	0	0	0	0.0266666666666667	0
K158E	0	0	0.00666666666666667	0	0	0	0	0	0	0	0	0	0	0
Y161F	0	0	0	0	0	0	0	0	0.0666666666666667	0	0	0	0	0
T162I	0	0	0	0.00666666666666667	0	0	0	0	0	0	0	0	0	0
F176Y	0	0	0	0	0	0	0	0	0	0	0.0233333333333333	0.223333333333333	0	0
S186N	0	0	0	0	0.0266666666666667	0	0	0	0	0	0	0	0	0
Q193K	0	0	0	0	0	0	0.0266666666666667	0	0	0	0	0	0	0
R196S	0	0	0	0	0	0	0	0	0	0	0.0133333333333333	0	0	0
R196K	0	0	0	0	0	0	0	0	0.03	0	0	0	0	0
R196K	0	0	0	0	0	0	0	0	0.00666666666666667	0	0	0	0	0
G197D	0	0	0	0	0	0	0.0233333333333333	0	0	0	0	0	0	0
I201M	0	0	0	0	0.01	0	0	0	0	0	0	0	0	0
E203K	0	0	0	0	0.01	0	0	0	0	0	0	0	0	0
K204R	0	0	0	0	0	0	0	0	0	0	0	0	0.0133333333333333	0
K204R	0	0	0.00333333333333333	0	0.01	0	0	0	0	0	0	0	0	0
T208K	0	0	0	0	0.01	0	0	0	0	0	0	0	0	0
T208A	0	0.00333333333333333	0	0	0	0	0.01	0	0	0	0	0	0	0
T210A	0	0	0	0	0	0.0266666666666667	0	0	0	0	0	0	0	0
M211I	0	0	0	0	0	0	0	0	0.00666666666666667	0	0	0	0	0
R212S	0	0	0	0	0.00666666666666667	0	0	0	0	0	0	0	0	0
K213R	0	0	0	0	0	0	0	0	0	0	0	0	0.01	0
K213R	0	0	0	0	0	0	0	0	0	0	0.01	0	0	0
K213N	0	0	0	0	0	0	0	0	0	0	0.01	0	0	0
K213N	0	0	0	0	0	0	0	0	0	0	0.0133333333333333	0	0	0
K213M	0	0	0	0.0166666666666667	0	0	0	0	0	0	0	0	0	0
K213R	0	0	0.00333333333333333	0	0.01	0	0	0	0	0	0	0	0	0
K213R	0	0	0	0	0.00666666666666667	0	0	0	0	0	0	0	0	0
N222H	0	0	0	0	0	0	0	0	0	0	0	0	0	0.0233333333333333
N222K	0	0	0	0	0.00666666666666667	0	0	0	0	0	0	0	0	0
S224P	0	0	0	0	0	0	0	0	0.0133333333333333	0	0	0	0	0
S224P	0	0	0	0	0	0	0.00666666666666667	0	0	0	0	0	0	0
S224P	0	0.01	0	0	0	0	0	0.0133333333333333	0.04	0	0.04	0	0	0
S225G	0	0	0	0	0.02	0.16	0.00666666666666667	0.0366666666666667	0	0	0	0	0	0
S225N	0	0	0	0.00666666666666667	0.00333333333333333	0	0	0	0	0	0	0	0	0
S225N	0	0.01	0.00333333333333333	0	0	0	0	0	0	0	0	0	0	0
L226F	0	0	0	0	0.0266666666666667	0	0	0	0	0	0	0	0	0
L226F	0	0	0.0133333333333333	0	0	0	0	0	0	0	0	0	0	0
N228K	0	0	0	0	0.00666666666666667	0	0	0	0	0	0	0	0	0
A231T	0	0	0	0	0.00666666666666667	0	0	0	0	0	0	0	0	0
V233I	0	0	0	0	0	0	0	0	0	0	0.00666666666666667	0	0	0
V233I	0	0	0	0	0	0	0	0	0	0.2	0.0233333333333333	0	0	0
F236Y	0	0	0	0	0	0	0.01	0	0	0	0	0	0	0
E237V	0	0	0	0.0166666666666667	0	0	0	0	0	0	0	0	0	0
P238S	0	0	0	0.00666666666666667	0	0	0	0	0	0	0	0	0	0
C241Y	0	0	0	0	0	0	0	0	0.02	0	0	0	0	0
C241Y	0	0	0	0.02	0	0	0	0	0	0	0	0	0	0
C241Y	0	0	0	0	0	0	0.01	0	0	0	0	0	0	0
I242V	0	0	0	0	0	0	0	0	0.00666666666666667	0	0	0	0	0
Q248L	0	0	0	0	0	0	0	0	0	0	0	0	0.02	0
M249I	0	0	0	0	0.00666666666666667	0	0	0	0	0	0	0	0	0
E252K	0	0	0	0	0.00666666666666667	0	0	0	0	0	0	0	0	0
E252G	0	0	0	0	0	0	0	0.0233333333333333	0	0	0	0	0	0
E252V	0	0	0	0	0	0	0	0	0.0533333333333333	0	0	0	0	0
V252I	0	0	0	0	0	0	0	0	0.0133333333333333	0	0	0	0	0
K256R	0	0	0	0	0	0	0	0	0.00666666666666667	0	0	0	0	0
K256Q	0	0	0.0166666666666667	0.143333333333333	0	0	0	0	0	0	0	0	0	0
E258G	0	0	0	0	0	0	0	0	0	0	0.01	0	0	0
L261S	0	0	0	0	0	0	0	0	0	0	0.00666666666666667	0	0	0
L261M	0	0	0	0	0	0	0	0.0466666666666667	0	0	0	0	0	0
L261S	0	0.01	0.00333333333333333	0	0	0	0	0	0	0	0	0	0	0
T263M	0	0	0	0	0	0	0	0	0	0	0	0	0.04	0
T263A	0	0	0	0	0	0	0	0	0	0	0	0	0.0133333333333333	0
T263A	0	0	0	0	0	0	0	0	0	0.266666666666667	0	0	0	0
T263A	0	0	0	0	0	0.0433333333333333	0.05	0	0	0	0	0	0	0
T263A	0	0	0	0.0133333333333333	0	0	0	0	0	0	0	0	0	0
T263M	0	0	0	0.0233333333333333	0	0	0	0	0	0	0	0	0	0
T263S	0	0	0	0.01	0	0	0	0	0	0	0	0	0	0
R266H	0	0	0	0	0	0	0	0	0	0	0.02	0	0	0
R266H	0	0	0	0	0	0	0	0	0.0133333333333333	0	0.196666666666667	0.213333333333333	0	0
H266Q	0	0	0	0	0	0	0	0	0	0	0.01	0	0	0
R266H	0	0	0	0	0	0	0	0	0.01	0	0	0	0	0
R266H	0	0.00666666666666667	0	0	0	0	0	0	0	0	0	0	0	0
P267S	0	0	0	0	0	0	0	0	0	0	0	0	0	0.0366666666666667
L268F	0	0	0	0	0	0	0	0	0	0	0	0	0	0.05
R269K	0	0	0	0	0	0	0	0	0	0	0.00666666666666667	0	0	0
R269K	0	0	0	0	0	0	0	0	0	0	0.0766666666666667	0	0	0
R269K	0	0	0	0	0	0	0	0	0	0	0.00666666666666667	0	0	0
R269K	0	0	0	0	0	0	0	0	0	0	0	0	0.0233333333333333	0
R269K	0	0	0	0	0	0	0	0	0	0.04	0	0	0	0
R269K	0	0	0	0	0.00666666666666667	0	0	0	0	0	0	0	0	0
R269K	0	0	0	0	0.00666666666666667	0	0	0	0	0	0	0	0	0
R269K	0	0.02	0.01	0	0	0	0	0	0	0	0	0	0	0
K269R	0	0.01	0	0	0	0	0	0	0	0	0	0	0	0
K269R	0	0.00666666666666667	0.00666666666666667	0	0	0	0	0	0	0	0	0	0	0
R269K	0	0	0	0.00666666666666667	0.0233333333333333	0	0.02	0	0	0	0	0	0	0
R269K	0	0	0	0	0.00666666666666667	0	0	0	0	0	0	0	0	0
R269K	0	0	0	0	0	0	0.01	0	0	0	0	0	0	0
P271H	0	0	0	0	0	0	0	0	0	0	0	0	0	0.126666666666667
P274S	0	0	0	0	0.00666666666666667	0	0	0	0	0	0	0	0	0
H277Y	0	0	0	0	0	0	0	0.0466666666666667	0	0	0	0	0	0
L284M	0	0	0	0	0	0	0	0	0	0	0.01	0	0	0
A287S	0	0	0	0	0	0	0	0	0.00666666666666667	0	0	0	0	0
A287T	0	0	0	0	0	0.0266666666666667	0	0	0	0	0	0	0	0
A287S	0	0	0	0	0	0.0266666666666667	0	0	0	0	0	0	0	0
D294N	0	0	0	0	0	0	0.00666666666666667	0	0	0	0	0	0	0
D294E	0	0	0.01	0.00333333333333333	0	0	0	0	0	0	0	0	0	0
S296N	0	0	0	0	0	0	0.0233333333333333	0.133333333333333	0	0	0	0	0	0
S296G	0	0	0	0	0	0.01	0	0	0	0	0	0	0	0
H297Y	0	0	0	0	0	0.01	0.0233333333333333	0	0	0	0	0	0	0
H297Y	0	0	0	0	0	0	0	0.03	0	0	0	0	0	0
E298K	0	0	0	0	0	0	0	0	0	0	0.00666666666666667	0	0	0
E298D	0	0	0	0	0.00666666666666667	0	0	0	0	0	0	0	0	0
E298K	0	0	0	0	0	0	0	0	0.0166666666666667	0	0	0	0	0
E300K	0	0	0	0	0	0	0	0	0	0	0.00666666666666667	0	0	0
I308V	0	0	0	0.00333333333333333	0.00666666666666667	0	0	0	0	0	0	0	0	0
I308V	0	0	0	0	0.00666666666666667	0	0	0	0	0	0	0	0	0
K312E	0	0	0	0	0	0	0.0133333333333333	0	0	0	0	0	0	0
F315L	0	0	0	0	0	0	0.01	0	0	0	0	0	0	0
P320S	0	0	0	0	0	0	0	0	0	0	0	0	0	0.0366666666666667
N321K	0	0	0	0.23	0.673333333333333	0.583333333333333	0.883333333333333	0.95	0.96	1	0.96	1	1	1
N321K	0	0	0	0	0	0	0	0	0.0133333333333333	0	0	0	0	0
N321S	0	0	0	0.00333333333333333	0.00333333333333333	0.03	0	0	0	0	0	0	0	0
I322M	0	0	0	0	0	0	0	0	0	0	0	0	0	0.0233333333333333
V323A	0	0	0	0	0	0	0	0	0	0.0266666666666667	0	0	0	0
V323A	0	0	0	0	0.00666666666666667	0	0	0	0	0	0	0	0	0
V323A	0	0.00333333333333333	0.00333333333333333	0	0	0	0	0	0	0	0	0	0	0
V323A	0	0	0	0	0.0133333333333333	0	0	0	0	0	0	0	0	0
V323I	0	0	0.00333333333333333	0	0.01	0	0	0	0	0	0	0	0	0
P325S	0	0	0	0	0	0	0	0	0	0	0	0	0	0.0766666666666667
P325L	0	0	0	0	0	0	0	0	0	0	0.00666666666666667	0	0	0
P325S	0	0	0	0	0	0	0	0	0.0133333333333333	0	0	0	0	0
P325S	0	0	0	0	0	0.01	0	0	0	0	0	0	0	0
E327D	0	0	0	0	0	0	0.04	0	0	0	0	0	0	0
K328E	0	0	0	0	0	0	0	0	0	0.02	0	0	0	0
K328R	0	0	0	0	0.0233333333333333	0	0.02	0	0	0	0	0	0	0
K328R	0	0	0.00666666666666667	0	0	0	0	0	0	0	0	0	0	0
G329V	0	0	0	0.00333333333333333	0.00666666666666667	0	0	0	0	0	0	0	0	0
I330V	0	0	0	0.00333333333333333	0.23	0.1	0.183333333333333	0.396666666666667	0.0966666666666667	0.77	0.936666666666667	1	0.926666666666667	1
V330I	0	0	0	0	0	0	0	0	0	0	0	0	0.0733333333333333	0
V330I	0	0	0	0	0	0	0	0	0	0	0.01	0	0	0
V330I	0	0	0	0	0	0	0	0	0	0	0.00666666666666667	0	0	0
I330T	0	0	0	0	0.00666666666666667	0	0	0	0	0	0	0	0	0
I330V	0	0	0	0.00666666666666667	0	0	0	0	0	0	0	0	0	0
P332L	0	0	0	0	0	0	0.163333333333333	0	0	0	0	0	0	0
M336I	0	0	0	0.0133333333333333	0	0	0	0	0	0	0	0	0	0
M336V	0	0	0	0	0.00666666666666667	0	0	0	0	0	0	0	0	0
A337T	0	0	0	0	0	0	0	0	0	0	0	0	0.0133333333333333	0
A337T	0	0	0	0	0.02	0	0	0	0	0	0	0	0	0
K339R	0	0	0	0.01	0.00333333333333333	0	0	0	0	0	0	0	0	0
Q340H	0	0	0	0	0.00666666666666667	0	0	0	0	0	0	0	0	0
V341M	0	0	0	0	0.0133333333333333	0	0	0	0	0	0	0	0	0
A343T	0	0	0	0	0	0	0	0	0	0	0	0	0.0166666666666667	0
A343S	0	0	0	0	0	0	0	0	0	0.0133333333333333	0	0	0	0
A343T	0	0	0	0.156666666666667	0.203333333333333	0.47	0.673333333333333	0.553333333333333	0.863333333333333	0.23	0.00666666666666667	0	0	0
T343I	0	0	0	0	0	0.0133333333333333	0	0	0	0	0	0	0	0
T343A	0	0	0	0	0	0	0.0166666666666667	0	0	0	0	0	0	0
A343T	0	0	0	0	0	0	0	0.0133333333333333	0.02	0	0	0	0	0
A343T	0	0	0.00333333333333333	0	0.01	0	0	0	0	0	0	0	0	0
L345I	0	0	0.00666666666666667	0	0	0	0	0	0	0	0	0	0	0
Q346L	0	0	0	0	0	0	0	0	0	0	0.0233333333333333	0	0	0
Q346R	0	0	0	0	0	0.0266666666666667	0	0	0	0	0	0	0	0
N350S	0	0.00666666666666667	0	0	0	0	0	0	0	0	0	0	0	0
E351K	0	0	0.01	0	0	0	0	0	0	0	0	0	0	0
E352D	0	0	0	0	0	0	0.0533333333333333	0.396666666666667	0.04	0	0	0	0	0
I354V	0	0	0	0	0	0	0	0.03	0	0	0	0	0	0
I354V	0	0	0	0	0	0	0	0.0133333333333333	0	0	0	0	0	0
I354T	0	0	0.00333333333333333	0	0.01	0	0	0	0	0	0	0	0	0
R356K	0	0	0.00333333333333333	0	0.01	0	0	0	0	0	0	0	0	0
T357A	0	0	0	0	0	0	0	0	0	0	0	0	0.01	0
T357I	0	0	0	0	0	0	0.0166666666666667	0.23	0.00333333333333333	0	0	0	0	0
T357I	0	0	0	0	0.00666666666666667	0	0	0	0	0	0	0	0	0
K361R	0	0	0	0	0	0	0	0	0.0433333333333333	0.77	0.936666666666667	1	0.91	0.793333333333333
R361K	0	0	0	0	0	0	0	0	0	0	0	0	0.09	0.206666666666667
R361K	0	0	0	0	0	0	0	0	0	0	0.00666666666666667	0	0	0
R361K	0	0	0	0	0	0	0	0	0	0	0.01	0	0	0
K361R	0	0	0	0	0	0	0	0	0	0	0.02	0	0	0
R362K	0	0	0	0	0	0	0	0	0.0433333333333333	0.77	0.946666666666667	1	1	1
K362R	0	0	0	0	0	0	0	0	0	0	0.00666666666666667	0	0	0
R362K	0	0	0	0	0	0	0	0.0433333333333333	0	0	0	0	0	0
R362G	0	0	0	0	0	0	0	0.04	0	0	0	0	0	0
R362K	0	0	0	0	0	0	0	0	0	0	0.02	0	0	0
R362K	0	0	0	0	0	0	0	0.0133333333333333	0	0	0	0	0	0
R362K	0	0	0	0	0	0.0833333333333333	0.00666666666666667	0	0	0	0	0	0	0
R362K	0	0	0.00333333333333333	0	0.01	0	0	0	0	0	0	0	0	0
R362K	0	0	0	0	0.01	0	0	0	0	0	0	0	0	0
R362K	0	0.00333333333333333	0.00666666666666667	0.00333333333333333	0	0	0	0	0	0	0	0	0	0
K362R	0	0.00333333333333333	0.00333333333333333	0	0	0	0	0	0	0	0	0	0	0
S364G	0	0	0	0	0	0	0.0166666666666667	0	0	0	0	0	0	0
L366M	0	0	0	0	0.00666666666666667	0	0	0	0	0	0	0	0	0
A369T	0	0	0	0	0	0	0	0	0	0	0	0	0	0.0266666666666667
N373S	0	0	0	0.00666666666666667	0	0	0	0	0	0	0	0	0	0
M374I	0	0	0	0	0	0	0	0	0	0	0	0	0	0.01
V379M	0	0	0	0	0	0	0	0	0	0	0	0	0	0.0266666666666667
V379I	0	0	0	0	0	0	0	0	0	0	0.02	0	0	0
V379I	0	0	0	0	0	0.0666666666666667	0	0	0	0	0	0	0	0
I379V	0	0	0	0	0	0.01	0	0	0	0	0	0	0	0
D382E	0	0	0	0	0	0	0	0	0.02	0	0	0	0	0
V387I	0	0	0	0	0	0	0	0	0	0	0.0166666666666667	0	0	0
I387V	0	0	0	0	0	0	0	0	0	0	0.226666666666667	0.786666666666667	0.04	0
V387I	0	0	0	0	0	0	0	0	0	0.0566666666666667	0.0166666666666667	0	0	0
V387I	0	0	0	0	0	0.01	0.0466666666666667	0	0	0	0	0	0	0
I387V	0	0	0	0	0	0	0.0233333333333333	0	0	0	0	0	0	0
V387F	0	0	0.00666666666666667	0	0	0	0	0	0	0	0	0	0	0
G388E	0	0	0	0	0	0	0	0	0	0	0	0	0.0166666666666667	0
G388V	0	0	0	0	0	0	0.00666666666666667	0.196666666666667	0.04	0	0	0	0	0
G388E	0	0	0	0	0	0	0	0	0.00666666666666667	0	0	0	0	0
G388E	0	0	0	0	0	0.02	0	0.0366666666666667	0	0	0	0	0	0
Y393H	0	0	0	0	0	0	0	0	0	0	0.0133333333333333	0	0	0
Y393F	0	0	0	0	0	0	0	0.04	0	0	0	0	0	0
D394N	0	0	0	0	0	0	0	0	0	0	0.00666666666666667	0	0	0
D394G	0	0	0	0	0	0	0	0	0	0	0.01	0	0	0
D394N	0	0	0	0	0	0.04	0	0	0	0	0	0	0	0
D394N	0	0	0	0	0	0.01	0	0	0	0	0	0	0	0
S395N	0	0	0	0	0	0	0	0.03	0	0	0	0	0	0
S395C	0	0	0	0	0	0	0.0166666666666667	0	0	0	0	0	0	0
S395N	0	0	0	0	0	0	0	0	0.0133333333333333	0	0	0	0	0
D396E	0	0	0	0	0	0	0.0466666666666667	0	0	0	0	0	0	0
E397G	0	0	0	0	0	0	0	0	0	0	0	0	0.0133333333333333	0
E397D	0	0	0	0.0133333333333333	0	0	0	0	0	0	0	0	0	0
P400A	0	0	0	0	0	0	0	0	0	0	0	0	0	0.0366666666666667
P400T	0	0	0	0	0	0	0	0	0	0	0	0	0	0.0233333333333333
P400S	0	0	0	0	0	0	0.0166666666666667	0	0	0	0	0	0	0
P400S	0	0	0	0.00666666666666667	0	0	0	0	0	0	0	0	0	0
P400L	0	0	0	0	0.00666666666666667	0	0	0	0	0	0	0	0	0
P400S	0	0	0	0	0.00666666666666667	0	0	0	0	0	0	0	0	0
P400L	0	0	0	0.01	0	0	0	0	0	0	0	0	0	0
P400L	0	0	0.00666666666666667	0	0	0	0	0	0	0	0	0	0	0
R401K	0	0	0	0	0	0	0.0533333333333333	0.396666666666667	0.04	0	0	0	0	0
S402A	0	0.00666666666666667	0.0133333333333333	0.00333333333333333	0	0	0	0	0	0	0	0	0	0
S402A	0	0.00333333333333333	0	0	0.0433333333333333	0.21	0.02	0	0	0	0	0	0	0
A402S	0	0	0.00333333333333333	0.0233333333333333	0.0733333333333333	0.16	0.00666666666666667	0.0366666666666667	0	0	0	0	0	0
V407I	0	0	0	0	0.02	0	0	0	0	0	0	0	0	0
V407I	0	0	0	0	0	0	0	0	0.0133333333333333	0	0	0	0	0
V407I	0	0	0	0	0	0.05	0	0	0	0	0	0	0	0
V407I	0	0	0	0.00666666666666667	0	0	0	0	0	0	0	0	0	0
N409S	0	0	0	0.00666666666666667	0	0	0	0	0	0	0	0	0	0
K413R	0	0	0	0	0	0	0	0	0	0	0	0	0	0.0166666666666667
D419G	0	0	0	0	0	0	0	0	0	0	0.00666666666666667	0	0	0
S421I	0	0	0.00666666666666667	0	0	0	0	0	0	0	0	0	0	0
I423V	0	0	0	0.0166666666666667	0	0	0	0	0	0	0	0	0	0
L425F	0	0	0	0	0.00666666666666667	0	0	0	0	0	0	0	0	0
L425F	0	0	0	0	0	0.02	0	0	0	0	0	0	0	0
I428T	0	0	0	0	0	0	0.01	0	0	0	0	0	0	0
H437Y	0	0	0	0	0	0	0	0	0	0.0166666666666667	0	0	0	0
H437Y	0	0	0	0.00666666666666667	0	0	0	0	0	0	0	0	0	0
M441T	0	0	0	0	0	0	0	0	0	0	0.05	0	0	0
M441I	0	0	0	0	0	0	0	0	0.0133333333333333	0	0	0	0	0
M441K	0	0	0	0	0	0	0	0	0.0733333333333333	0.00666666666666667	0	0	0	0
M441K	0	0	0	0	0	0	0	0	0.01	0	0.00666666666666667	0	0	0
M441I	0	0	0	0.00666666666666667	0	0	0	0	0	0	0	0	0	0
M441T	0.674418604651163	0.00333333333333333	0	0	0	0	0	0	0	0	0	0	0	0
R442K	0	0	0	0	0	0	0	0	0.00666666666666667	0	0	0	0	0
N444S	0	0	0	0	0	0	0.00666666666666667	0	0	0	0	0	0	0
N444D	0	0	0	0	0	0	0	0.04	0	0	0	0	0	0
N444D	0	0.00333333333333333	0.00333333333333333	0	0	0	0	0	0	0	0	0	0	0
D444N	0	0.00333333333333333	0.0133333333333333	0	0	0	0	0	0	0	0	0	0	0
T447A	0	0	0	0	0	0	0.0166666666666667	0	0	0	0	0	0	0
T447A	0	0	0	0	0	0.02	0	0.0366666666666667	0	0	0	0	0	0
A448T	0	0	0	0	0	0	0	0	0	0	0	0	0.0166666666666667	0.0266666666666667
A448E	0	0	0.0133333333333333	0	0	0	0	0	0	0	0	0	0	0
A448E	0	0	0	0.0166666666666667	0.0566666666666667	0.01	0	0	0	0	0	0	0	0
V450I	0	0	0	0	0.00666666666666667	0	0	0	0	0	0	0	0	0
H452Y	0	0	0	0	0	0	0	0	0.03	0	0	0	0	0
I459T	0	0	0	0	0	0	0	0	0.00666666666666667	0	0.283333333333333	0	0	0
I459L	0	0	0	0	0	0.01	0	0	0	0	0	0	0	0
I459T	0	0	0	0	0	0	0	0	0	0	0.00666666666666667	0	0	0
M460I	0	0	0	0	0	0	0	0	0	0	0	0	0.01	0
I465M	0	0	0	0	0	0	0	0	0.00666666666666667	0	0	0	0	0
I465T	0	0	0.0166666666666667	0	0	0	0	0	0	0	0	0	0	0
N466Y	0	0	0	0	0	0	0	0	0	0	0.00666666666666667	0	0	0
N466S	0	0.00333333333333333	0.00333333333333333	0	0	0	0	0	0	0	0	0	0	0
N466K	0	0	0	0.00666666666666667	0.0133333333333333	0	0	0	0	0	0	0	0	0
T467S	0	0	0	0.00666666666666667	0	0	0	0	0	0	0	0	0	0
A468V	0	0	0	0.00666666666666667	0	0	0	0	0	0	0	0	0	0
A475T	0	0	0	0.00666666666666667	0	0	0	0	0	0	0	0	0	0
A476T	0	0	0	0	0	0	0	0	0.00666666666666667	0	0	0	0	0
D479E	0	0	0	0	0	0	0	0	0.00666666666666667	0	0	0	0	0
D479E	0	0	0	0	0	0.01	0.0233333333333333	0	0	0	0	0	0	0
D479N	0	0	0	0	0.00666666666666667	0	0	0	0	0	0	0	0	0
D479E	0	0.00333333333333333	0.0233333333333333	0.0866666666666667	0.08	0.01	0.00666666666666667	0	0	0	0	0	0	0
S487G	0	0	0	0	0	0	0	0	0	0	0	0	0.0133333333333333	0
S487N	0	0	0	0	0	0	0	0	0.00666666666666667	0	0	0	0	0
S487T	0	0	0	0	0	0	0	0	0.00666666666666667	0	0	0	0	0
T491I	0	0	0	0.00666666666666667	0	0	0	0	0	0	0	0	0	0
K492Q	0	0	0	0	0	0	0.01	0	0	0	0	0	0	0
K492R	0	0	0	0	0	0	0.0133333333333333	0	0	0	0	0	0	0
E493D	0	0	0	0	0	0	0	0	0	0	0	0	0	0.0233333333333333
G494R	0	0	0	0	0	0	0	0	0.00666666666666667	0	0	0	0	0
G494E	0	0	0	0	0	0	0.00666666666666667	0	0	0	0	0	0	0
R495I	0	0	0	0	0	0	0	0	0	0.01	0	0	0	0
K497R	0	0	0	0	0	0	0	0.0533333333333333	0	0	0	0	0	0
R512T	0	0	0	0	0.00666666666666667	0	0	0	0	0	0	0	0	0
N519D	0	0	0	0	0	0.0133333333333333	0	0	0	0	0	0	0	0
V521I	0	0	0	0	0	0	0	0	0	0	0.02	0	0	0
S522G	0	0	0	0	0	0	0	0	0	0	0.246666666666667	0.786666666666667	0.04	0
F525L	0	0	0	0.00666666666666667	0	0	0	0	0	0	0	0	0	0
D529A	0	0	0.00333333333333333	0	0.01	0	0	0	0	0	0	0	0	0
P530A	0	0	0	0	0	0	0	0	0	0	0.00666666666666667	0	0	0
R531K	0	0	0	0	0	0	0	0	0	0	0	0	0	0.0366666666666667
R531T	0	0	0	0	0	0	0	0	0	0	0.01	0	0	0
R531K	0	0	0	0	0	0	0	0	0	0	0.00666666666666667	0	0	0
L532M	0	0	0	0	0	0	0	0.0466666666666667	0	0	0	0	0	0
L532M	0	0	0	0.0133333333333333	0	0	0	0	0	0	0	0	0	0
E533D	0	0	0	0	0	0	0	0.0233333333333333	0	0	0	0	0	0
P534S	0	0	0	0	0	0	0	0	0	0	0	0	0	0.0166666666666667
P534Q	0	0	0	0	0	0	0	0.0233333333333333	0	0	0	0	0	0
H535Y	0	0	0	0	0	0	0	0	0	0	0.03	0	0	0
H535Y	0	0	0	0	0	0	0	0	0	0	0.00666666666666667	0	0	0
E538G	0	0	0	0	0	0	0	0	0	0	0	0	0	0.0333333333333333
E538G	0	0	0	0	0	0	0	0	0	0.0266666666666667	0.0766666666666667	0	0	0
E538G	0	0	0	0	0.0166666666666667	0.16	0.00666666666666667	0.0366666666666667	0	0	0	0	0	0
E538G	0	0	0	0	0	0	0.00666666666666667	0	0	0	0	0	0	0
E538K	0	0	0.00666666666666667	0	0	0	0	0	0	0	0	0	0	0
E538G	0	0	0.00666666666666667	0	0	0	0	0	0	0	0	0	0	0
Y540F	0	0	0	0	0.00666666666666667	0	0	0	0	0	0	0	0	0
V542I	0	0	0	0.00666666666666667	0	0	0	0	0	0	0	0	0	0
I545V	0	0	0	0	0	0	0	0	0	0.0866666666666667	0	0	0	0
D547N	0	0	0	0	0	0	0	0	0	0	0	0	0.04	0
D547E	0	0	0.0166666666666667	0.00666666666666667	0.0366666666666667	0	0.02	0	0	0	0	0	0	0
M548I	0	0	0	0	0	0	0	0	0.00666666666666667	0	0	0	0	0
L550F	0	0	0	0	0.00666666666666667	0	0	0	0	0	0	0	0	0
R551K	0	0	0	0	0	0	0.00666666666666667	0	0	0	0	0	0	0
A553S	0	0	0	0	0	0.0133333333333333	0	0	0	0	0	0	0	0
I554M	0	0	0	0	0	0	0	0	0.00666666666666667	0	0	0	0	0
V557M	0	0	0	0.00666666666666667	0	0	0	0	0	0	0	0	0	0
R559K	0	0	0	0	0	0	0	0	0	0	0	0	0.0233333333333333	0
P560S	0	0	0	0	0	0	0	0	0	0	0	0	0.00666666666666667	0
P560H	0	0	0	0	0	0	0	0	0.0233333333333333	0.663333333333333	0.0233333333333333	0	0	0
P560S	0	0	0	0	0.00666666666666667	0.00333333333333333	0	0	0	0	0	0	0	0
P560S	0	0	0	0	0.01	0	0	0	0	0	0	0	0	0
P560A	0	0.00666666666666667	0	0	0	0	0	0	0	0	0	0	0	0
M561I	0	0	0	0	0	0	0	0	0	0	0.01	0	0	0
M561L	0	0	0	0	0	0	0	0	0	0	0.0133333333333333	0	0	0
V565M	0	0	0	0	0.00666666666666667	0	0	0	0	0	0	0	0	0
V565M	0	0	0	0.01	0	0	0	0	0	0	0	0	0	0
T567I	0	0	0	0	0	0	0.01	0	0	0	0	0	0	0
K574S	0	0	0	0	0	0	0.00666666666666667	0	0	0	0	0	0	0
G578S	0	0.00666666666666667	0	0	0	0	0	0	0	0	0	0	0	0
M579I	0	0	0	0	0	0	0.01	0	0	0	0	0	0	0
L581M	0	0.893333333333333	0.993333333333333	1	1	1	0.996666666666667	1	1	1	1	1	1	1
I592V	0	0	0	0	0.00666666666666667	0	0	0	0	0	0	0	0	0
S594G	0	0	0	0	0	0	0	0	0.00666666666666667	0	0	0	0	0
S594N	0	0	0	0.01	0	0	0	0	0	0	0	0	0	0
N594S	0	0	0	0.05	0.00333333333333333	0	0	0	0	0	0	0	0	0
M595I	0	0.00333333333333333	0	0.00333333333333333	0	0	0	0	0	0	0	0	0	0
I595M	0	0	0.01	0	0	0	0	0	0	0	0	0	0	0
A598T	0	0	0	0	0	0	0	0	0	0	0	0	0	0.0366666666666667
A598V	0	0	0	0	0	0	0	0	0.0133333333333333	0	0	0	0	0
E599G	0	0	0	0	0	0	0.0133333333333333	0	0	0	0	0	0	0
V602I	0	0	0	0	0	0	0	0	0	0	0.00666666666666667	0	0	0
M607I	0	0	0	0	0.00666666666666667	0	0	0	0	0	0	0	0	0
M607R	0	0	0	0.00666666666666667	0	0	0	0	0	0	0	0	0	0
T608A	0	0	0	0	0	0	0	0	0	0	0.01	0	0	0
K609R	0	0	0	0	0	0	0	0	0	0	0	0	0	0.0766666666666667
E610G	0	0	0	0	0	0	0	0	0.0166666666666667	0	0	0	0	0
N614T	0	0	0	0.00666666666666667	0.00333333333333333	0	0	0	0	0	0	0	0	0
K615R	0	0	0	0	0	0	0	0	0	0	0.01	0	0	0
K615R	0	0	0	0	0	0	0	0	0.00666666666666667	0	0.2	0	0	0
R615K	0	0	0	0	0	0	0	0	0	0	0.01	0	0	0
S616L	0	0	0	0.0133333333333333	0	0	0	0	0	0	0	0	0	0
S616L	0	0	0	0	0	0.01	0	0	0	0	0	0	0	0
P620S	0	0	0	0	0	0	0	0	0	0	0	0	0.01	0
I621T	0	0	0	0	0	0	0	0	0	0	0.01	0	0	0
I621V	0	0	0	0	0	0	0	0	0	0	0.03	0	0	0
E623D	0	0	0	0	0	0	0.0166666666666667	0	0	0	0	0	0	0
R626K	0	0	0	0	0.0233333333333333	0	0.02	0	0	0	0	0	0	0
G627E	0	0	0	0	0	0	0	0	0.02	0	0	0	0	0
V628L	0	0	0	0	0	0	0	0	0	0	0.0166666666666667	0	0	0
I633L	0	0	0	0	0.00666666666666667	0	0	0	0	0	0	0	0	0
V645I	0	0	0	0	0	0	0.0133333333333333	0	0	0	0	0	0	0
S648N	0	0	0	0	0.00666666666666667	0.04	0	0	0	0	0	0	0	0
L649I	0	0	0	0	0	0	0	0	0	0	0	0	0.223333333333333	0.373333333333333
P653S	0	0	0	0	0.00666666666666667	0.0133333333333333	0	0	0	0	0	0	0	0
L655I	0	0	0	0	0	0	0	0	0	0	0	0	0	0.126666666666667
L666F	0	0	0	0	0	0	0	0	0	0	0.01	0	0	0
V669A	0	0	0	0	0	0	0	0	0	0.0166666666666667	0	0	0	0
L672F	0	0	0	0	0	0	0	0	0.03	0	0	0	0	0
L672F	0	0	0	0	0	0.136666666666667	0.0166666666666667	0.23	0.00333333333333333	0	0	0	0	0
R673K	0	0	0	0	0	0	0	0	0	0	0.01	0	0	0
D682N	0	0	0	0	0	0	0	0.03	0	0	0	0	0	0
D682N	0	0	0	0	0	0	0	0.0133333333333333	0	0	0	0	0	0
D682N	0	0	0	0.00666666666666667	0	0	0	0	0	0	0	0	0	0
L683I	0	0	0	0	0.02	0	0	0	0	0	0	0	0	0
L683I	0	0	0	0	0	0	0	0	0.00666666666666667	0	0	0	0	0
L683I	0	0	0	0.00666666666666667	0	0	0	0	0	0	0	0	0	0
G684E	0	0	0	0	0	0	0	0	0	0	0	0	0	0.0766666666666667
G684R	0	0	0	0	0	0	0	0	0	0	0.0933333333333333	0.213333333333333	0	0
G684E	0	0	0	0	0.00333333333333333	0.0366666666666667	0	0	0	0	0	0	0	0
E688A	0	0	0	0	0	0	0	0	0	0	0	0	0	0.0166666666666667
E688G	0	0	0	0	0	0	0	0	0.01	0	0	0	0	0
E688G	0	0	0	0	0	0.0133333333333333	0	0	0	0	0	0	0	0
E688G	0	0.00333333333333333	0	0.01	0	0	0	0	0	0	0	0	0	0
I695V	0	0	0	0	0	0	0	0	0	0	0	0	0	0.0266666666666667
A704V	0	0	0	0	0	0	0	0	0	0	0	0	0.0266666666666667	0
A714S	0	0	0	0	0	0	0	0	0.00666666666666667	0	0	0	0	0
A714P	0	0	0	0.00666666666666667	0	0	0	0	0	0	0	0	0	0
K716Q	0	0.00666666666666667	0.136666666666667	0.153333333333333	0	0	0	0	0	0	0	0	0	0
