D2E	0	0	0	0	0	0	0	0	0	0	0	0	0	0.14
D2N	0	0	0	0	0	0	0	0	0.01	0	0	0	0	0
M6T	0	0	0	0	0	0	0	0	0	0	0	0	0	0.0266666666666667
M6I	0	0	0	0	0	0	0	0	0	0	0	0	0	0.05
M6I	0	0.00666666666666667	0	0	0	0	0.00666666666666667	0	0	0	0	0	0	0
S8G	0	0	0.00333333333333333	0.00333333333333333	0	0	0.00666666666666667	0	0	0	0	0	0	0
F9L	0	0	0	0	0.0133333333333333	0	0	0	0	0	0	0	0	0
Q10E	0	0.00666666666666667	0	0	0	0	0	0	0	0	0	0	0	0
D11G	0	0	0.01	0	0	0	0	0	0	0	0	0	0	0
L13I	0	0	0	0	0	0	0	0	0	0	0	0	0.0133333333333333	0
M14I	0	0.00333333333333333	0	0.0133333333333333	0	0.0133333333333333	0	0	0	0	0	0	0	0
M14L	0	0	0.00333333333333333	0.01	0	0	0	0	0	0	0	0	0	0
M16L	0	0	0	0	0	0	0	0	0	0	0.00666666666666667	0	0	0
M16I	0	0	0	0	0	0	0	0	0	0.01	0	0	0	0
M16I	0	0	0	0	0.01	0	0	0	0	0	0	0	0	0
S17C	0	0	0	0	0	0	0	0	0	0	0.02	0	0	0
K18R	0	0	0	0	0	0	0	0	0	0.0133333333333333	0	0	0	0
M19I	0	0	0	0	0	0	0	0	0.00333333333333333	0.09	0	0	0	0
M19I	0	0	0.00333333333333333	0	0.01	0	0	0	0	0	0	0	0	0
Q20R	0	0	0.00666666666666667	0	0.0366666666666667	0.0233333333333333	0	0	0	0	0	0	0	0
Q20H	0	0	0.0533333333333333	0	0	0	0	0	0	0	0	0	0	0
G22E	0	0.01	0	0.0133333333333333	0	0	0	0	0	0	0	0	0	0
G22R	0	0	0	0	0	0	0	0.0166666666666667	0	0	0	0	0	0
E26V	0	0	0	0	0	0	0	0	0	0.0133333333333333	0	0	0	0
E26G	0	0	0.00333333333333333	0	0.00666666666666667	0	0	0	0	0	0	0	0	0
G26E	0	0	0.05	0	0	0	0	0	0	0	0	0	0	0
D27E	0	0	0.01	0	0	0	0	0	0	0	0	0	0	0
D27G	0	0	0.00666666666666667	0	0	0	0	0	0	0	0	0	0	0
N29S	0	0	0	0	0	0	0	0	0.0166666666666667	0.686666666666667	0.366666666666667	0.76	0.93	0.953333333333333
N29S	0	0	0	0	0	0	0	0	0.00666666666666667	0.00666666666666667	0	0	0	0
N29S	0	0	0	0	0	0	0	0	0.0133333333333333	0.01	0.236666666666667	0	0	0
S29N	0	0	0	0	0	0	0	0	0.00333333333333333	0.0166666666666667	0.376666666666667	0.24	0	0
N29S	0	0	0	0	0	0	0	0	0	0.02	0.00333333333333333	0	0	0
S29N	0	0	0	0	0	0	0.02	0	0.0733333333333333	0	0	0	0	0
M31I	0	0	0	0.00666666666666667	0	0	0	0	0	0	0	0	0	0
V32L	0	0	0	0.00666666666666667	0	0	0	0	0	0	0	0	0	0
L32I	0	0	0	0	0.0566666666666667	0	0	0	0	0	0	0	0	0
T33A	0	0.01	0	0	0	0	0	0	0	0	0	0	0	0
R34Q	0	0	0	0	0	0	0	0	0.00333333333333333	0.0166666666666667	0.393333333333333	0.24	0	0
I40V	0	0	0	0	0	0.0366666666666667	0	0	0	0	0	0	0	0
I40M	0	0	0	0	0	0	0	0.0166666666666667	0	0	0	0	0	0
S44L	0	0.00333333333333333	0	0	0	0	0.01	0	0	0	0	0	0	0
S44T	0	0	0	0.0166666666666667	0	0	0	0	0	0	0	0	0	0
T48A	0	0	0	0	0.0166666666666667	0.123333333333333	0.136666666666667	0.403333333333333	0.826666666666667	0.98	0.976666666666667	1	1	1
A48T	0	0	0	0	0	0	0	0	0	0	0.01	0	0	0
A48T	0	0.00666666666666667	0.0133333333333333	0.00333333333333333	0	0	0	0	0	0	0	0	0	0
T48N	0	0	0	0	0.00333333333333333	0.01	0	0	0	0	0	0	0	0
N48S	0	0	0	0	0	0.0233333333333333	0	0	0	0	0	0	0	0
V49M	0	0	0	0	0	0	0.02	0	0	0	0	0	0	0
V49L	0	0	0	0	0	0	0	0	0	0	0.01	0	0	0
M52T	0	0	0	0	0	0.00666666666666667	0	0	0	0	0	0	0	0
G53R	0	0.00333333333333333	0	0	0.00333333333333333	0	0	0	0	0	0	0	0	0
D54N	0	0.0133333333333333	0.00333333333333333	0	0.0133333333333333	0	0	0	0	0	0	0	0	0
H56Y	0	0	0	0	0	0	0	0	0	0	0.0233333333333333	0	0	0
Y57H	0	0	0	0	0	0	0	0	0.01	0	0	0	0	0
Y57H	0	0	0.01	0	0	0.0133333333333333	0	0	0	0	0	0	0	0
Q59P	0	0	0	0	0.00666666666666667	0	0	0	0	0	0	0	0	0
S60N	0	0	0	0	0	0	0	0	0	0	0.00666666666666667	0	0	0
S60N	0	0	0	0	0	0	0	0	0.0266666666666667	0.0333333333333333	0	0	0	0
S60G	0	0	0.00333333333333333	0	0.00333333333333333	0	0	0	0	0	0	0	0	0
S60N	0	0.00333333333333333	0.00333333333333333	0	0	0	0.01	0	0	0	0	0	0	0
K64E	0	0	0	0.00666666666666667	0	0	0	0	0	0	0	0	0	0
K64R	0	0.00333333333333333	0.01	0	0	0	0	0	0	0	0	0	0	0
W65G	0	0	0	0	0	0	0	0	0	0	0	0	0	0.0433333333333333
Q71R	0.375415282392027	0	0	0	0	0	0	0	0	0	0	0	0	0
F73L	0	0	0	0	0	0	0	0	0	0	0	0	0	0.02
I76V	0	0.00333333333333333	0.00666666666666667	0	0	0	0	0	0	0	0	0	0	0
I76T	0	0	0	0	0.0133333333333333	0	0	0	0	0	0	0	0	0
L79S	0	0	0	0	0	0	0	0	0.01	0	0	0	0	0
M83I	0	0	0	0	0	0	0	0	0	0	0	0	0.0633333333333333	0.246666666666667
M83T	0	0	0	0	0	0	0.01	0	0	0	0	0	0	0
M83T	0	0	0	0.01	0	0	0	0	0	0	0	0	0	0
M83V	0	0	0.00333333333333333	0.0166666666666667	0	0	0.01	0	0	0	0	0	0	0
M83I	0	0	0	0.0166666666666667	0	0	0	0	0	0	0	0	0	0
R86K	0	0.00333333333333333	0.00333333333333333	0	0.00333333333333333	0	0	0	0	0	0	0	0	0
K88R	0	0	0	0	0	0	0	0.03	0	0	0	0	0	0
A89V	0	0	0	0	0	0	0	0	0	0	0.0133333333333333	0	0	0
A89S	0	0	0	0	0	0	0	0	0	0	0	0	0	0.116666666666667
A89T	0	0	0	0	0	0	0	0	0.00666666666666667	0	0	0	0	0
A89V	0	0	0	0	0	0	0	0	0.00333333333333333	0	0.01	0	0	0
A89V	0	0	0	0	0	0	0	0	0.0866666666666667	0.0133333333333333	0.22	0	0	0
V89A	0	0	0	0	0	0	0	0	0.00333333333333333	0.0266666666666667	0.383333333333333	0.24	0	0
A89V	0	0	0	0	0	0	0	0	0	0	0.01	0	0	0
A89P	0	0	0	0.00666666666666667	0	0	0	0	0	0	0	0	0	0
A89T	0	0.00333333333333333	0	0.01	0	0	0	0	0	0	0	0	0	0
A89G	0	0	0	0	0.00666666666666667	0	0	0	0	0	0	0	0	0
N92S	0	0	0	0.0133333333333333	0	0	0	0	0	0	0	0	0	0
E95A	0	0	0	0	0	0	0	0.0266666666666667	0	0	0	0	0	0
Q96L	0	0	0	0	0	0	0	0.0266666666666667	0	0	0	0	0	0
I97L	0	0	0	0	0	0	0	0.0266666666666667	0	0	0	0	0	0
F99Y	0	0	0	0	0	0	0	0	0.00666666666666667	0	0	0	0	0
M100R	0	0	0	0	0	0	0	0.0266666666666667	0	0	0	0	0	0
M100I	0	0	0	0	0.0133333333333333	0	0	0	0	0	0	0	0	0
Q101L	0	0	0	0	0	0	0	0.0266666666666667	0	0	0	0	0	0
Q104L	0	0	0	0	0	0	0	0.0266666666666667	0	0	0	0	0	0
V109L	0	0	0.00666666666666667	0.00666666666666667	0.00666666666666667	0	0	0.0133333333333333	0	0	0	0	0	0
E112D	0	0	0.00666666666666667	0.00666666666666667	0.00666666666666667	0	0	0.0133333333333333	0	0	0	0	0	0
E112A	0	0	0	0	0	0	0	0.0266666666666667	0	0	0	0	0	0
R114I	0	0	0	0	0	0	0	0.0266666666666667	0	0	0	0	0	0
A115S	0	0	0.00333333333333333	0.00666666666666667	0	0	0	0	0	0	0	0	0	0
S115T	0	0.00333333333333333	0.00333333333333333	0.00666666666666667	0	0	0	0	0	0	0	0	0	0
L120F	0	0	0	0	0	0	0	0	0	0	0	0	0	0.03
L120F	0	0	0	0	0	0	0	0	0	0.0366666666666667	0	0	0	0
L120F	0	0	0.0133333333333333	0	0.0233333333333333	0.0233333333333333	0	0	0	0	0	0	0	0
F120L	0	0	0	0	0.0133333333333333	0	0	0	0	0	0	0	0	0
L120F	0	0.00333333333333333	0.00333333333333333	0.01	0	0	0.0166666666666667	0	0	0	0	0	0	0
