D2E	0	0	0	0	0	0	0	0	0	0	0	0	0	0.163333333333333
D2N	0	0	0	0	0	0	0	0	0	0	0.00666666666666667	0	0	0
D2N	0	0	0	0	0	0	0	0	0.00666666666666667	0	0	0	0	0
D2N	0	0	0	0.0366666666666667	0.00666666666666667	0	0	0	0	0	0	0	0	0
M6I	0	0	0	0	0	0	0	0	0	0	0	0	0	0.04
M6T	0	0	0	0	0	0	0	0	0	0	0	0	0	0.0233333333333333
M6I	0	0	0	0	0	0	0.01	0	0	0	0	0	0	0
S8G	0	0	0	0	0	0	0.00666666666666667	0	0	0	0	0	0	0
I18V	0	0	0	0	0	0	0	0	0.01	0	0.0866666666666667	0	0	0
V18I	0	0	0	0	0	0	0	0	0	0	0.0166666666666667	0	0	0
I18V	0	0.00666666666666667	0.0333333333333333	0	0	0	0	0	0	0	0	0	0	0
K20R	0	0	0	0	0	0	0	0	0	0	0	0	0.02	0
R21Q	0	0	0	0	0	0	0	0	0.0166666666666667	0	0	0	0	0
A23S	0	0	0	0	0	0	0.01	0	0	0	0	0	0	0
A23V	0	0	0	0	0	0	0	0.0166666666666667	0	0	0	0	0	0
D24N	0	0	0	0	0	0	0	0	0.01	0	0	0	0	0
D24N	0	0.00666666666666667	0	0	0	0	0	0	0	0	0	0	0	0
G28S	0	0	0	0	0	0	0	0	0	0	0.00666666666666667	0	0	0
G28S	0	0	0	0.00666666666666667	0	0	0	0	0	0	0	0	0	0
G28S	0	0.00333333333333333	0.00333333333333333	0	0	0	0	0	0	0	0	0	0	0
G28V	0	0.01	0	0	0	0	0	0	0	0	0	0	0	0
A30G	0	0	0	0	0	0	0	0	0	0	0.00666666666666667	0	0	0
A30T	0	0	0	0	0	0	0.01	0	0	0	0	0	0	0
A30T	0	0	0	0	0.00666666666666667	0	0	0	0	0	0	0	0	0
L33I	0	0	0.01	0	0	0	0	0	0	0	0	0	0	0
L36I	0	0	0	0	0	0	0	0	0	0	0.0233333333333333	0	0	0
R37S	0	0	0	0	0	0	0	0	0	0	0	0	0.02	0
K41R	0	0	0	0	0	0	0	0	0	0	0	0	0	0.0766666666666667
K41R	0	0	0	0	0	0.01	0	0	0	0	0	0	0	0
G45R	0	0	0	0	0	0	0	0	0	0.0433333333333333	0	0	0	0
G45R	0	0	0	0	0	0	0.01	0	0	0	0	0	0	0
R46K	0	0	0	0	0	0	0	0	0	0.0166666666666667	0	0	0	0
N48K	0	0	0	0	0	0	0	0	0	0	0	0	0.156666666666667	0
G51S	0	0	0	0	0	0	0	0	0	0	0.0833333333333333	0.22	0	0
G51S	0	0	0	0	0	0	0	0	0	0	0.01	0	0	0
G51S	0	0	0.01	0	0	0	0	0	0	0	0	0	0	0
L52F	0	0	0	0	0	0	0	0	0.01	0	0	0	0	0
D53N	0	0	0	0	0.00666666666666667	0.01	0	0	0	0	0	0	0	0
D53Y	0	0	0	0.00666666666666667	0	0	0	0	0	0	0	0	0	0
Y53N	0	0.00666666666666667	0.01	0.00666666666666667	0	0	0	0	0	0	0	0	0	0
I54V	0	0	0	0	0	0	0.01	0	0	0	0	0	0	0
I54V	0	0	0.01	0	0	0	0	0	0	0	0	0	0	0
E55K	0	0	0	0	0	0	0	0	0.02	0.0933333333333333	0.61	0.78	1	1
E55Q	0	0	0	0	0	0.0133333333333333	0	0	0	0	0	0	0	0
E55K	0	0	0	0	0	0.00666666666666667	0	0	0	0	0	0	0	0
E55Q	0	0	0.00333333333333333	0.13	0.113333333333333	0.0266666666666667	0	0.0333333333333333	0	0	0	0	0	0
T56A	0	0	0	0	0	0.0233333333333333	0	0	0	0	0	0	0	0
L59F	0	0	0	0	0	0	0	0	0	0	0	0	0	0.04
L59I	0	0	0	0	0	0	0	0	0	0.0133333333333333	0	0	0	0
L59R	0	0	0	0	0	0	0	0.0166666666666667	0	0	0	0	0	0
V60I	0	0	0	0	0	0	0	0	0	0	0.0133333333333333	0	0	0
V60A	0	0	0	0	0	0	0	0	0	0.01	0	0	0	0
V60A	0	0	0.00666666666666667	0	0	0	0	0	0	0	0	0	0	0
K62R	0	0	0	0.00666666666666667	0	0.0133333333333333	0	0	0	0	0	0	0	0
I64L	0	0	0	0	0	0	0	0	0	0	0.00666666666666667	0	0	0
I64V	0	0	0	0	0.0233333333333333	0.00666666666666667	0	0	0	0	0	0	0	0
V65M	0	0	0	0	0	0	0	0	0	0	0	0	0	0.02
V65M	0	0	0	0	0	0.01	0	0	0	0	0	0	0	0
W67R	0	0	0	0	0	0	0	0	0.0166666666666667	0	0	0	0	0
W67G	0	0	0	0	0	0	0	0	0	0.0166666666666667	0	0	0	0
W67R	0	0	0	0.0166666666666667	0	0	0	0	0	0	0	0	0	0
K70R	0	0	0	0	0.0133333333333333	0	0	0	0	0	0	0	0	0
R70K	0	0	0	0	0	0	0.0166666666666667	0	0	0	0	0	0	0
E71D	0	0	0	0	0	0	0	0	0	0	0.01	0	0	0
E71Q	0	0	0	0	0	0	0.01	0	0	0	0	0	0	0
E71D	0	0	0.00666666666666667	0	0	0	0	0	0	0	0	0	0	0
E72K	0	0	0	0	0	0	0	0	0	0.00666666666666667	0	0	0	0
E72G	0	0	0	0	0	0	0	0	0	0.03	0	0	0	0
E72D	0	0	0	0	0	0	0	0	0.01	0	0	0	0	0
E72K	0	0	0	0.00666666666666667	0	0	0	0	0	0	0	0	0	0
S73T	0	0	0	0.03	0.0366666666666667	0.0133333333333333	0	0	0	0	0	0	0	0
E75K	0	0	0	0	0	0	0	0	0	0	0.0133333333333333	0	0	0
E75Q	0	0	0	0.00666666666666667	0	0	0	0	0	0	0	0	0	0
T76A	0	0	0	0	0.00666666666666667	0	0	0	0	0	0	0	0	0
T76A	0	0.00333333333333333	0	0	0.0133333333333333	0	0	0	0	0	0	0	0	0
T76K	0	0	0.01	0	0	0	0	0	0	0	0	0	0	0
T76S	0	0	0	0	0.00666666666666667	0	0	0	0	0	0	0	0	0
R78K	0	0	0	0	0	0.04	0	0	0	0	0	0	0	0
K78R	0	0	0	0	0.00666666666666667	0	0	0	0	0	0	0	0	0
R78K	0	0	0	0	0.00333333333333333	0	0	0.0333333333333333	0	0	0	0	0	0
R78K	0	0	0.00333333333333333	0.0833333333333333	0	0	0	0	0	0	0	0	0	0
M79I	0	0	0	0.00666666666666667	0	0	0	0	0	0	0	0	0	0
M79I	0	0.00666666666666667	0	0	0	0	0	0	0	0	0	0	0	0
T80A	0	0	0	0	0	0	0	0	0	0	0	0	0.0233333333333333	0
T80A	0	0	0	0	0	0	0	0	0.0166666666666667	0.656666666666667	0.00666666666666667	0	0	0
I81F	0	0	0	0.01	0	0	0	0	0	0	0	0	0	0
S83P	0	0	0	0.01	0	0	0	0	0	0	0	0	0	0
V84I	0	0	0	0	0.0133333333333333	0.00666666666666667	0	0	0	0	0	0	0	0
R88C	0	0	0	0	0.00666666666666667	0	0	0	0	0	0	0	0	0
L90I	0	0	0	0.176666666666667	0.25	0.423333333333333	0.656666666666667	0.66	0.886666666666667	1	1	1	1	1
I90L	0	0	0	0	0	0	0	0	0.00666666666666667	0	0	0	0	0
I90L	0	0	0	0	0	0	0.01	0	0.0866666666666667	0	0	0	0	0
D92G	0	0	0	0	0	0	0.02	0	0	0	0	0	0	0
D92G	0	0.01	0	0	0	0	0	0	0	0	0	0	0	0
M93I	0	0	0	0	0.00666666666666667	0	0	0	0	0	0	0	0	0
M93I	0	0.0166666666666667	0.0666666666666667	0.346666666666667	0.03	0	0	0	0	0	0	0	0	0
I93M	0	0.00333333333333333	0.00666666666666667	0	0.0266666666666667	0	0.0166666666666667	0	0	0	0	0	0	0
I93M	0	0	0.00333333333333333	0.00333333333333333	0	0	0	0	0	0	0	0	0	0
M93I	0	0.00333333333333333	0	0.00666666666666667	0	0	0	0	0	0	0	0	0	0
T94A	0	0	0	0	0	0.0133333333333333	0	0	0	0	0	0	0	0
T94A	0	0	0.01	0	0	0	0	0	0	0	0	0	0	0
L95I	0	0	0	0	0	0	0	0	0	0	0	0.22	0	0
L95P	0	0	0	0	0.0233333333333333	0.00666666666666667	0	0	0	0	0	0	0	0
L95P	0	0	0	0	0	0.0266666666666667	0	0	0	0	0	0	0	0
E96K	0	0	0	0	0	0	0	0.0266666666666667	0	0	0	0	0	0
E96G	0	0	0	0	0.0133333333333333	0	0	0	0	0	0	0	0	0
R100Q	0	0	0	0	0	0	0	0	0	0	0	0	0	0.0733333333333333
D101N	0	0	0	0	0	0	0	0	0	0	0.03	0.22	0	0
D101N	0	0	0	0	0	0	0	0	0.00333333333333333	0.0133333333333333	0	0	0	0
N101D	0	0	0	0	0	0	0	0	0.0333333333333333	0.00666666666666667	0	0	0	0
D101Y	0	0	0	0.00666666666666667	0	0	0	0	0	0	0	0	0	0
D101E	0	0	0	0.00666666666666667	0	0	0	0	0	0	0	0	0	0
D101N	0	0	0	0	0	0.0266666666666667	0	0	0	0	0	0	0	0
F103S	0	0.01	0	0.00333333333333333	0	0	0	0	0	0	0	0	0	0
M104I	0	0	0	0.0133333333333333	0	0	0	0	0	0	0	0	0	0
R108K	0	0	0	0	0	0	0	0	0.00666666666666667	0	0	0	0	0
R108K	0	0.00333333333333333	0.01	0.00333333333333333	0.0266666666666667	0	0.0166666666666667	0	0	0	0	0	0	0
R108K	0	0	0.00666666666666667	0	0	0	0	0	0	0	0	0	0	0
R108K	0	0	0	0.01	0	0	0	0	0	0	0	0	0	0
Q109K	0	0	0	0	0.00666666666666667	0	0	0	0	0	0	0	0	0
I111M	0	0	0	0	0	0	0	0	0	0	0.0233333333333333	0	0	0
I111T	0	0	0	0	0	0.0266666666666667	0.0133333333333333	0	0.0966666666666667	0	0	0	0	0
I111T	0	0	0	0	0	0	0	0.0433333333333333	0	0	0	0	0	0
I111M	0	0	0	0	0	0	0.04	0	0	0	0	0	0	0
I111L	0	0	0	0	0.00666666666666667	0	0	0	0	0	0	0	0	0
I111T	0	0	0	0.00333333333333333	0.00333333333333333	0	0	0	0	0	0	0	0	0
I111K	0	0.00333333333333333	0.0133333333333333	0	0	0	0	0	0	0	0	0	0	0
I112M	0	0.0166666666666667	0.0266666666666667	0	0	0	0	0	0	0	0	0	0	0
M112I	0	0	0.00666666666666667	0	0	0	0	0	0	0	0	0	0	0
P114H	0	0	0	0	0	0	0	0	0.0433333333333333	0.03	0	0	0	0
P114S	0	0	0	0	0	0.01	0	0	0	0	0	0	0	0
P114T	0	0	0	0	0.133333333333333	0	0	0	0	0	0	0	0	0
P114S	0	0	0.00666666666666667	0	0	0	0	0	0	0	0	0	0	0
L115F	0	0	0	0.00333333333333333	0	0.0333333333333333	0.126666666666667	0	0	0	0	0	0	0
C116F	0	0	0	0.01	0	0	0	0	0	0	0	0	0	0
V117M	0	0	0	0	0.0233333333333333	0.00666666666666667	0	0	0	0	0	0	0	0
R118Q	0	0	0	0.00666666666666667	0	0	0	0	0	0	0	0	0	0
A122G	0	0	0	0	0	0	0	0	0	0	0.01	0	0	0
A122T	0	0	0	0	0	0	0	0	0	0.08	0.00666666666666667	0	0	0
A122T	0	0	0	0	0	0	0.01	0	0	0	0	0	0	0
A122T	0	0	0	0	0	0.02	0	0	0	0	0	0	0	0
A122T	0	0	0	0	0.00666666666666667	0	0	0	0	0	0	0	0	0
A122V	0	0	0	0	0.00666666666666667	0.06	0.00333333333333333	0	0	0	0	0	0	0
I123V	0	0.623333333333333	0.91	0.913333333333333	0.98	1	0.993333333333333	0.966666666666667	0.996666666666667	1	1	1	1	1
V123A	0	0	0	0.06	0.0133333333333333	0	0	0.0333333333333333	0	0	0	0	0	0
V123I	0	0	0	0.00666666666666667	0	0	0	0	0	0	0	0	0	0
V123I	0	0.00666666666666667	0	0	0	0	0	0	0	0	0	0	0	0
V123I	0.352159468438538	0.363333333333333	0.09	0.0166666666666667	0.00666666666666667	0	0.00666666666666667	0	0.00333333333333333	0	0	0	0	0
I123V	0	0.00333333333333333	0	0.00333333333333333	0	0	0	0	0	0	0	0	0	0
M124I	0	0	0	0.00666666666666667	0	0	0	0	0	0	0	0	0	0
E125D	0	0	0	0	0	0	0	0	0	0	0	0	0	0.163333333333333
N127S	0	0	0	0	0	0	0	0	0	0	0.01	0	0	0
N127D	0	0	0.00666666666666667	0	0	0	0	0	0	0	0	0	0	0
N127H	0	0	0	0.00666666666666667	0	0	0	0	0	0	0	0	0	0
I128T	0	0	0.01	0	0	0	0	0	0	0	0	0	0	0
V129L	0	0	0	0	0	0.0166666666666667	0	0	0	0	0	0	0	0
V129A	0	0	0	0.0166666666666667	0	0	0	0	0	0	0	0	0	0
V129L	0	0	0	0	0.01	0	0	0	0	0	0	0	0	0
V129I	0	0	0	0	0.00666666666666667	0.0133333333333333	0	0	0.00333333333333333	0	0	0	0	0
V129L	0	0	0	0	0	0.0133333333333333	0	0	0	0	0	0	0	0
V129A	0	0	0	0	0.00666666666666667	0	0	0	0	0	0	0	0	0
V129I	0	0.0133333333333333	0	0.0166666666666667	0	0	0	0	0	0	0	0	0	0
I129V	0	0.02	0.00333333333333333	0.00666666666666667	0	0	0	0	0	0	0	0	0	0
K131E	0	0	0	0	0	0	0	0	0.0233333333333333	0.0933333333333333	0.61	0.78	1	1
K131Q	0	0	0	0	0	0	0.00666666666666667	0	0	0	0	0	0	0
K131E	0	0	0	0	0	0.0333333333333333	0.04	0	0	0	0	0	0	0
A132V	0	0	0	0	0.01	0	0	0	0	0	0	0	0	0
N133S	0	0	0	0	0	0.0166666666666667	0	0	0	0	0	0	0	0
N133D	0	0.00666666666666667	0.00666666666666667	0	0	0	0	0	0	0	0	0	0	0
S135N	0	0	0.01	0	0	0	0	0	0	0	0	0	0	0
V136I	0	0	0	0	0	0	0	0	0	0	0	0.22	0	0
V136L	0	0	0	0	0	0	0.0166666666666667	0	0	0	0	0	0	0
N139S	0	0	0	0	0	0	0	0	0	0	0.02	0	0	0
L141V	0	0	0	0	0.00666666666666667	0	0	0	0	0	0	0	0	0
E142A	0	0	0	0	0	0	0.01	0	0	0	0	0	0	0
T143A	0	0	0	0	0	0	0	0	0	0	0.00666666666666667	0	0	0
I145V	0	0	0	0	0	0	0	0	0	0	0.00666666666666667	0	0	0
I145V	0	0	0	0	0	0	0	0	0	0	0	0	0.0166666666666667	0
I145M	0	0	0	0	0	0	0	0	0	0.00666666666666667	0	0	0	0
I145T	0	0	0	0	0	0.01	0	0	0	0	0	0	0	0
I145V	0	0	0.00333333333333333	0.01	0	0	0	0	0	0	0	0	0	0
I145V	0	0	0.00666666666666667	0	0	0	0	0	0	0	0	0	0	0
R148K	0	0	0	0	0	0	0	0	0	0	0.01	0	0	0
R148K	0	0	0.00333333333333333	0.00333333333333333	0	0	0	0	0	0	0	0	0	0
R148K	0	0	0.00666666666666667	0	0	0	0	0	0	0	0	0	0	0
F150L	0	0	0	0	0	0	0	0	0	0.0266666666666667	0	0	0	0
F150L	0	0	0	0	0.0133333333333333	0	0	0	0	0	0	0	0	0
F150V	0	0	0	0.0166666666666667	0	0	0	0	0	0	0	0	0	0
T151N	0	0	0	0	0	0	0	0	0	0	0	0.22	0	0
T151N	0	0	0	0.01	0	0	0	0	0	0	0	0	0	0
T151N	0	0	0	0	0	0	0.00666666666666667	0	0	0	0	0	0	0
T151P	0	0	0	0.00666666666666667	0	0	0	0	0	0	0	0	0	0
E152D	0	0	0	0	0	0	0	0	0	0	0	0	0.0533333333333333	0.03
E153K	0	0	0	0.0133333333333333	0	0.03	0	0	0	0	0	0	0	0
E153D	0	0	0	0.01	0	0	0	0	0	0	0	0	0	0
G154R	0	0	0	0.01	0	0	0	0	0	0	0	0	0	0
G154E	0	0.00333333333333333	0	0.00666666666666667	0	0	0	0	0	0	0	0	0	0
E154G	0	0	0.0133333333333333	0	0	0	0	0	0	0	0	0	0	0
A155V	0	0	0	0	0	0	0	0	0	0	0.00666666666666667	0	0	0
A155S	0	0	0	0	0	0	0	0	0	0	0.01	0	0	0
A155T	0	0	0	0	0	0	0	0	0	0.0266666666666667	0	0	0	0
A155V	0	0	0	0	0	0.07	0	0	0	0	0	0	0	0
A155T	0	0	0	0	0.00666666666666667	0	0	0	0	0	0	0	0	0
I156V	0	0	0	0	0	0	0	0	0.04	0.03	0	0	0	0
I156V	0	0	0.00666666666666667	0.0133333333333333	0	0	0	0	0	0	0	0	0	0
I156T	0	0	0	0.00666666666666667	0.00666666666666667	0	0	0	0	0	0	0	0	0
V157I	0	0	0	0	0	0	0	0	0	0	0.02	0	0	0
V157I	0	0	0	0	0	0	0	0	0	0	0.01	0	0	0
V157I	0	0	0	0	0	0.0233333333333333	0	0	0	0	0	0	0	0
V157I	0	0	0	0	0	0	0.01	0	0	0	0	0	0	0
V157I	0	0	0	0	0	0	0.00666666666666667	0.0266666666666667	0	0	0	0	0	0
E159G	0	0.00666666666666667	0	0.00666666666666667	0	0	0	0	0	0	0	0	0	0
P162S	0	0	0	0	0	0.0233333333333333	0	0	0	0	0	0	0	0
P162L	0	0	0	0	0.00666666666666667	0	0	0	0	0	0	0	0	0
L163S	0	0	0	0	0	0	0	0	0.01	0	0	0	0	0
P164H	0	0	0	0	0	0	0	0	0	0	0	0	0	0.03
L166F	0	0	0	0	0	0	0	0	0	0.00666666666666667	0	0	0	0
P167L	0	0	0	0.00666666666666667	0	0	0	0	0	0	0	0	0	0
T170N	0	0	0	0	0	0	0	0	0	0	0	0	0.0166666666666667	0
Y171N	0	0	0	0	0	0	0	0	0	0	0.02	0	0	0
Y171N	0	0	0	0	0	0	0	0	0	0	0.01	0	0	0
Y171H	0	0	0	0	0	0	0	0	0	0.05	0	0	0	0
E172K	0	0	0	0	0	0.01	0	0	0	0	0	0	0	0
D173V	0	0	0	0	0	0	0	0	0	0	0.01	0	0	0
D173N	0	0	0	0	0	0	0	0	0.123333333333333	0.01	0	0	0	0
N173D	0	0	0	0	0	0	0	0	0.453333333333333	0.24	0.363333333333333	0.22	0	0
D173V	0	0	0	0	0	0	0	0	0	0	0.00666666666666667	0	0	0
V174F	0	0	0	0	0	0	0	0	0	0.0133333333333333	0	0	0	0
K175Q	0	0	0	0	0	0	0	0	0	0	0.0133333333333333	0	0	0
N176K	0	0	0	0	0	0	0	0	0	0	0.00666666666666667	0	0	0
A177T	0	0	0	0	0	0	0	0	0	0.1	0	0	0	0
V178I	0	0	0	0	0	0	0	0	0	0	0	0	0.0166666666666667	0
V178I	0	0	0	0	0	0	0	0	0	0	0	0	0.0233333333333333	0
V178F	0	0	0.0133333333333333	0	0	0	0	0	0	0	0	0	0	0
V178I	0	0	0.00666666666666667	0	0	0	0	0	0	0	0	0	0	0
G179E	0	0	0	0	0	0	0	0	0.00666666666666667	0	0	0	0	0
G179E	0	0	0	0	0	0	0	0.0266666666666667	0	0	0	0	0	0
V180I	0	0	0	0	0	0	0	0	0.00666666666666667	0	0	0	0	0
V180I	0	0	0	0	0	0	0.01	0	0	0	0	0	0	0
V180I	0	0	0	0	0.0233333333333333	0.00666666666666667	0	0	0	0	0	0	0	0
V180I	0	0	0.0233333333333333	0.01	0.00333333333333333	0	0	0	0	0	0	0	0	0
L181I	0	0	0	0	0.00666666666666667	0	0	0	0	0	0	0	0	0
L181I	0	0	0	0.00666666666666667	0	0	0	0	0	0	0	0	0	0
I182V	0	0	0	0	0	0	0	0	0	0	0	0	0.0433333333333333	0
I182L	0	0	0	0	0	0	0	0	0.00666666666666667	0	0	0	0	0
L185F	0	0	0	0	0	0	0	0	0	0	0.01	0	0	0
L185I	0	0	0	0.0166666666666667	0	0	0	0	0	0	0	0	0	0
G189D	0	0	0	0	0	0	0	0	0	0	0.00666666666666667	0	0	0
G189D	0	0	0	0	0.0433333333333333	0	0	0	0	0	0	0	0	0
G189S	0	0	0	0.01	0	0	0	0	0	0	0	0	0	0
N190S	0	0	0	0	0	0	0	0	0	0	0.00666666666666667	0	0	0
V192A	0	0	0	0	0.0133333333333333	0	0	0	0	0	0	0	0	0
V192L	0	0	0	0	0.00666666666666667	0	0	0	0	0	0	0	0	0
V194I	0	0	0	0	0	0	0.01	0	0	0	0	0	0	0
N197S	0	0	0	0	0.00333333333333333	0.0433333333333333	0	0	0	0	0	0	0	0
I198V	0	0	0	0	0	0	0	0.0266666666666667	0	0	0	0	0	0
I198L	0	0.00666666666666667	0.0133333333333333	0.00333333333333333	0	0	0	0	0	0	0	0	0	0
F201L	0	0	0.01	0	0	0	0	0	0	0	0	0	0	0
A202S	0	0	0	0	0	0	0	0	0	0	0	0	0.02	0
A202T	0	0.00666666666666667	0.00333333333333333	0	0	0	0	0	0	0	0	0	0	0
W203G	0	0	0	0	0	0	0	0	0.01	0	0	0	0	0
R204G	0	0	0	0.00666666666666667	0	0	0	0	0	0	0	0	0	0
N205S	0	0	0	0	0.00333333333333333	0.0166666666666667	0.0633333333333333	0.306666666666667	0.613333333333333	0.973333333333333	0.973333333333333	1	1	1
S205N	0	0	0	0	0	0	0	0	0	0	0.0133333333333333	0	0	0
S205N	0	0	0	0	0	0	0	0	0.0266666666666667	0	0	0	0	0
N205S	0	0	0	0	0	0	0	0	0.0733333333333333	0	0	0	0	0
S205N	0	0	0	0	0	0	0	0	0	0.0266666666666667	0	0	0	0
N205S	0	0	0	0	0	0	0	0	0.0433333333333333	0	0	0	0	0
S205N	0	0	0	0	0	0	0	0	0.0233333333333333	0	0	0	0	0
N205S	0	0	0	0	0	0	0	0	0.00666666666666667	0	0	0	0	0
N205S	0	0	0	0	0	0.0366666666666667	0.0133333333333333	0	0.0966666666666667	0	0	0	0	0
N205K	0	0	0	0	0	0.0166666666666667	0	0	0	0	0	0	0	0
N205S	0	0	0	0	0.00666666666666667	0.0166666666666667	0.04	0	0.00333333333333333	0	0	0	0	0
N205K	0	0	0	0	0	0.0133333333333333	0	0	0	0	0	0	0	0
N205S	0	0	0	0	0	0.0133333333333333	0	0	0	0	0	0	0	0
N205S	0	0	0.00333333333333333	0	0.00333333333333333	0	0	0	0	0	0	0	0	0
C206Y	0	0	0	0	0	0	0.02	0	0	0	0	0	0	0
C206F	0	0	0	0	0	0	0	0	0	0	0.0133333333333333	0	0	0
C206S	0	0	0	0	0	0	0	0	0	0	0.0266666666666667	0	0	0
C206Y	0	0	0	0	0	0	0	0	0.01	0	0	0	0	0
C206R	0	0	0	0	0	0	0	0.0233333333333333	0	0	0	0	0	0
D207N	0	0	0	0	0	0	0	0	0.0133333333333333	0	0	0	0	0
D207N	0	0	0	0	0	0	0.01	0	0	0	0	0	0	0
D207N	0	0	0	0.01	0	0	0	0	0	0	0	0	0	0
N209T	0	0	0	0	0	0	0	0	0	0	0.01	0	0	0
N209D	0	0	0	0.00666666666666667	0	0	0	0	0	0	0	0	0	0
N209D	0	0	0	0.01	0	0	0	0	0	0	0	0	0	0
N209T	0	0	0	0	0	0	0.0166666666666667	0	0	0	0	0	0	0
R211G	0	0	0	0	0	0	0	0	0	0	0.01	0	0	0
R211K	0	0.01	0.00333333333333333	0	0.0133333333333333	0	0	0	0	0	0	0	0	0
P212H	0	0	0	0.02	0	0	0	0	0	0	0	0	0	0
P212L	0	0	0.01	0	0	0	0	0	0	0	0	0	0	0
P212S	0	0	0.01	0	0	0	0	0	0	0	0	0	0	0
S213L	0	0	0	0	0	0	0	0	0	0	0.02	0	0	0
L214S	0	0	0	0	0	0	0	0	0.02	0	0	0	0	0
S214L	0	0	0	0	0	0	0	0	0.00666666666666667	0	0	0	0	0
L214P	0	0	0	0.00333333333333333	0	0.0233333333333333	0	0	0	0	0	0	0	0
P215S	0	0	0	0	0	0	0	0	0	0	0	0	0	0.0333333333333333
P215S	0	0	0.00666666666666667	0.00333333333333333	0	0	0	0	0	0	0	0	0	0
P215L	0	0	0.01	0	0	0	0	0	0	0	0	0	0	0
E217K	0	0	0	0	0.00666666666666667	0	0	0	0	0	0	0	0	0
E217G	0	0	0.00333333333333333	0	0.01	0	0	0	0	0	0	0	0	0
K219E	0	0.00666666666666667	0	0	0	0	0	0	0	0	0	0	0	0
