A2T	0	0	0	0	0	0.02	0	0	0	0	0	0	0	0
E11G	0	0	0	0	0	0	0.0166666666666667	0	0	0	0	0	0	0
G16D	0	0	0	0	0.00666666666666667	0	0	0	0	0	0	0	0	0
G16D	0	0	0	0	0.0133333333333333	0	0	0	0	0	0	0	0	0
G16D	0	0	0.0133333333333333	0	0	0	0	0	0	0	0	0	0	0
E18A	0	0	0	0	0	0	0	0.0433333333333333	0	0	0	0	0	0
E18G	0	0	0	0	0.01	0	0	0	0	0	0	0	0	0
R19S	0	0	0	0	0.00666666666666667	0	0	0	0	0	0	0	0	0
A22T	0	0	0	0	0	0	0	0	0	0	0.01	0	0	0
A22T	0	0	0	0	0	0	0	0	0.00333333333333333	0.0533333333333333	0.366666666666667	0.233333333333333	0	0
A22T	0	0	0	0	0	0	0	0	0	0	0.276666666666667	0.766666666666667	0.196666666666667	0.433333333333333
A22T	0	0	0.0166666666666667	0	0	0	0	0	0	0	0	0	0	0
E24D	0	0	0	0	0	0.0233333333333333	0	0	0	0	0	0	0	0
R26Q	0	0	0.00333333333333333	0	0.00666666666666667	0	0	0.0266666666666667	0	0	0	0	0	0
A27T	0	0	0	0	0	0	0	0	0.00666666666666667	0	0	0	0	0
G34S	0	0	0	0	0	0	0	0	0	0	0	0	0.03	0
G34A	0	0	0	0	0	0	0	0	0	0	0.01	0	0	0
G34D	0	0	0	0	0	0	0	0	0	0	0.00666666666666667	0	0	0
G34S	0	0	0	0	0	0	0	0	0	0	0.01	0	0	0
G34S	0	0	0	0	0	0	0	0	0.00666666666666667	0	0	0	0	0
G34S	0	0	0	0	0	0	0	0	0	0.0233333333333333	0	0	0	0
F39L	0	0	0.00333333333333333	0	0.00666666666666667	0	0	0.0266666666666667	0	0	0	0	0	0
D51E	0	0	0	0.00666666666666667	0	0	0	0	0	0	0	0	0	0
R55V	0	0	0.00333333333333333	0	0.00666666666666667	0	0	0.0266666666666667	0	0	0	0	0	0
L56I	0	0	0.00333333333333333	0	0.00666666666666667	0	0	0.0266666666666667	0	0	0	0	0	0
I61M	0	0	0	0	0	0	0	0	0	0	0.0133333333333333	0	0	0
I61T	0	0	0.00333333333333333	0	0.00666666666666667	0	0	0.0266666666666667	0	0	0	0	0	0
I61M	0	0.0166666666666667	0	0	0	0	0	0	0	0	0	0	0	0
T62S	0	0	0.00333333333333333	0	0.00666666666666667	0	0	0.0266666666666667	0	0	0	0	0	0
R65M	0	0	0.00333333333333333	0	0.00666666666666667	0	0	0.0266666666666667	0	0	0	0	0	0
M66P	0	0	0.00333333333333333	0	0.00666666666666667	0	0	0.0266666666666667	0	0	0	0	0	0
V67N	0	0	0.00333333333333333	0	0.00666666666666667	0	0	0.0266666666666667	0	0	0	0	0	0
V67G	0	0	0	0.00666666666666667	0	0	0	0	0	0	0	0	0	0
S69Y	0	0	0	0	0.00333333333333333	0	0	0	0	0	0	0	0	0
Y69F	0	0	0.00333333333333333	0	0.00666666666666667	0	0	0.0266666666666667	0	0	0	0	0	0
F71Y	0	0	0	0	0	0	0.00666666666666667	0	0	0	0	0	0	0
F71Y	0	0	0	0	0.00666666666666667	0	0	0	0	0	0	0	0	0
F71S	0	0	0.00333333333333333	0	0.00666666666666667	0	0	0.0266666666666667	0	0	0	0	0	0
D72V	0	0	0.00333333333333333	0	0.00666666666666667	0	0	0.0266666666666667	0	0	0	0	0	0
Y78H	0	0	0	0	0	0	0	0	0	0.0166666666666667	0	0	0	0
E81A	0	0	0.00333333333333333	0	0.00666666666666667	0	0	0.0266666666666667	0	0	0	0	0	0
A85T	0	0	0	0	0	0	0	0	0	0	0	0	0.0333333333333333	0
A85T	0	0	0	0	0	0	0.04	0	0	0	0	0	0	0
A85T	0	0	0	0	0	0	0	0	0.01	0	0	0	0	0
P89R	0	0	0	0	0.00333333333333333	0	0	0	0	0	0	0	0	0
R89L	0	0	0.00333333333333333	0	0.00666666666666667	0	0	0.0266666666666667	0	0	0	0	0	0
K90R	0	0	0	0	0	0	0	0	0	0.00666666666666667	0	0	0	0
K91R	0	0	0.00333333333333333	0	0.00666666666666667	0	0	0.0266666666666667	0	0	0	0	0	0
P95S	0	0	0	0	0	0	0	0	0	0.02	0	0	0	0
I96T	0	0	0.00333333333333333	0	0.00666666666666667	0	0	0.0266666666666667	0	0	0	0	0	0
V100I	0	0.796666666666667	0.973333333333333	0.973333333333333	0.993333333333333	1	0.993333333333333	1	0.96	1	0.986666666666667	1	1	1
I100T	0	0	0	0	0	0	0	0	0	0	0.0133333333333333	0	0	0
I100V	0	0	0	0	0	0	0	0	0.0133333333333333	0	0	0	0	0
I100M	0	0	0	0.0133333333333333	0	0	0	0	0	0	0	0	0	0
I100T	0	0	0	0.00666666666666667	0	0	0	0	0	0	0	0	0	0
D101G	0	0	0	0	0	0	0	0	0.0133333333333333	0	0	0	0	0
D101G	0	0	0.00666666666666667	0	0	0	0	0	0	0	0	0	0	0
D101G	0	0	0	0	0	0	0.0366666666666667	0	0	0	0	0	0	0
D101G	0	0	0	0	0	0	0	0	0.0266666666666667	0	0	0	0	0
G102R	0	0	0	0	0	0	0	0	0	0	0	0	0.15	0
G102R	0	0	0	0	0	0	0.0666666666666667	0	0	0	0	0	0	0
K103Q	0	0	0	0.00666666666666667	0	0	0	0	0	0	0	0	0	0
W104C	0	0	0	0.00666666666666667	0	0	0	0	0	0	0	0	0	0
M105T	0	0	0	0	0	0	0	0	0	0	0.276666666666667	0.766666666666667	0.196666666666667	0.433333333333333
M105V	0	0	0	0	0.01	0	0	0	0	0	0	0	0	0
R106K	0	0	0	0	0	0	0.0233333333333333	0	0	0	0	0	0	0
I109L	0	0	0	0.0133333333333333	0	0	0	0	0	0	0	0	0	0
I109V	0	0	0	0.01	0.00333333333333333	0	0	0	0	0	0	0	0	0
L110I	0	0	0	0	0	0	0	0	0	0	0.00666666666666667	0	0	0
E114Q	0	0	0	0.0133333333333333	0	0	0	0	0	0	0	0	0	0
E115D	0	0	0	0.0133333333333333	0	0	0	0	0	0	0	0	0	0
I116V	0	0	0	0	0	0	0	0.0366666666666667	0.00666666666666667	0	0	0	0	0
V119A	0	0	0	0	0	0	0	0	0	0	0.01	0	0	0
V119I	0	0	0	0	0	0	0	0	0	0	0.00666666666666667	0	0.0266666666666667	0
V119I	0	0	0	0	0	0	0	0.0366666666666667	0.00666666666666667	0	0	0	0	0
V119I	0	0	0	0.01	0	0	0	0	0	0	0	0	0	0
V119I	0	0	0	0	0	0	0.02	0	0	0	0	0	0	0
V119E	0	0	0.00333333333333333	0	0.00666666666666667	0	0	0.0266666666666667	0	0	0	0	0	0
W120S	0	0	0.00333333333333333	0	0.00666666666666667	0	0	0.0266666666666667	0	0	0	0	0	0
A123S	0	0.00333333333333333	0.00333333333333333	0	0	0	0	0	0	0	0	0	0	0
G126P	0	0	0.00333333333333333	0	0.00666666666666667	0	0	0.0266666666666667	0	0	0	0	0	0
A129S	0	0	0	0.01	0	0	0	0	0	0	0	0	0	0
A131T	0	0	0	0	0	0	0.01	0	0	0	0	0	0	0
L133I	0	0.00666666666666667	0	0	0	0	0	0	0	0	0	0	0	0
R156L	0	0.00333333333333333	0	0	0.0166666666666667	0	0	0	0	0	0	0	0	0
L172I	0	0	0	0	0.00666666666666667	0	0	0	0	0	0	0	0	0
S176C	0	0.00333333333333333	0	0	0.0166666666666667	0	0	0	0	0	0	0	0	0
A181T	0	0	0	0	0.00666666666666667	0	0	0	0	0	0	0	0	0
A181G	0	0.00333333333333333	0	0	0.0166666666666667	0	0	0	0	0	0	0	0	0
V186I	0	0	0	0	0	0	0	0	0.03	0.02	0	0	0	0
V186I	0	0	0	0	0.00666666666666667	0	0	0	0	0	0	0	0	0
V186I	0	0	0	0	0.00666666666666667	0	0	0	0	0	0	0	0	0
I189M	0	0	0	0	0.01	0	0	0	0	0	0	0	0	0
I189V	0	0	0	0.00666666666666667	0.00666666666666667	0	0	0	0	0	0	0	0	0
A190T	0	0	0	0	0	0	0	0	0	0	0	0	0	0.0133333333333333
A190T	0	0	0	0	0	0	0	0	0	0.106666666666667	0	0	0	0
A190V	0	0	0.00666666666666667	0	0	0	0	0	0	0	0	0	0	0
A190T	0	0.00333333333333333	0	0	0.0166666666666667	0	0	0	0	0	0	0	0	0
I197V	0	0	0	0	0.01	0	0	0	0	0	0	0	0	0
I197V	0	0	0.00666666666666667	0	0	0	0	0	0	0	0	0	0	0
I197V	0	0	0	0.01	0	0	0	0	0	0	0	0	0	0
N202S	0	0	0	0	0	0	0	0	0.0166666666666667	0	0	0	0	0
N202S	0	0	0	0.00666666666666667	0	0	0	0	0	0	0	0	0	0
W207L	0	0.00333333333333333	0	0	0.0166666666666667	0	0	0	0	0	0	0	0	0
N211D	0	0	0	0	0	0	0.01	0	0	0	0	0	0	0
V217I	0	0	0	0	0	0	0	0.0333333333333333	0	0	0	0	0	0
V217I	0	0	0	0	0	0	0.02	0	0	0	0	0	0	0
V217I	0	0	0.01	0	0	0	0	0	0	0	0	0	0	0
V217A	0	0	0.00666666666666667	0	0	0	0	0	0	0	0	0	0	0
V217I	0	0.01	0	0	0	0	0	0	0	0	0	0	0	0
A218V	0	0.00333333333333333	0	0	0.0166666666666667	0	0	0	0	0	0	0	0	0
E220D	0	0	0	0	0	0	0.0366666666666667	0	0	0	0	0	0	0
A234V	0	0	0	0	0	0.0266666666666667	0	0	0	0	0	0	0	0
R236K	0	0	0.0133333333333333	0	0	0	0	0	0	0	0	0	0	0
M239V	0	0	0	0	0	0	0	0	0	0	0.00666666666666667	0	0	0
M239T	0	0	0	0.00666666666666667	0	0	0	0	0	0	0	0	0	0
N247S	0	0	0	0	0.00666666666666667	0	0	0	0	0	0	0	0	0
P248Q	0	0	0	0	0	0	0	0.0266666666666667	0	0	0	0	0	0
A251V	0	0	0	0	0	0.0366666666666667	0	0	0	0	0	0	0	0
A263T	0	0	0	0	0	0	0	0	0	0.0133333333333333	0	0	0	0
I265V	0	0	0	0	0	0	0	0	0	0	0	0	0.0333333333333333	0
S287N	0	0	0	0	0	0	0	0	0	0.03	0	0	0	0
D290N	0	0	0	0	0	0	0	0	0	0	0.0133333333333333	0	0	0
G295R	0	0	0	0	0	0	0.0133333333333333	0	0	0	0	0	0	0
I301L	0	0	0	0	0.01	0.01	0	0	0	0	0	0	0	0
V313I	0	0	0	0	0	0	0	0	0	0	0.0166666666666667	0	0	0
V313I	0	0	0	0	0	0	0	0	0	0.00666666666666667	0	0	0	0
V313I	0	0	0.00666666666666667	0	0	0	0	0	0	0	0	0	0	0
S314C	0	0	0	0	0	0	0.01	0	0	0	0	0	0	0
M316V	0	0	0	0	0	0	0	0	0	0.173333333333333	0.02	0	0	0
M316I	0	0	0.01	0	0	0	0	0	0	0	0	0	0	0
S326E	0	0	0	0	0	0	0	0	0.00666666666666667	0	0	0	0	0
V329L	0	0	0	0	0	0	0	0	0.00666666666666667	0	0	0	0	0
M331Q	0	0	0	0	0	0	0	0	0.00666666666666667	0	0	0	0	0
A337G	0	0	0	0	0	0	0	0	0.00666666666666667	0	0	0	0	0
V343I	0	0	0	0	0	0	0	0	0	0	0.0166666666666667	0	0	0
S345G	0	0	0	0	0.01	0	0	0	0	0	0	0	0	0
V352L	0	0.00666666666666667	0	0	0	0	0	0	0	0	0	0	0	0
I353V	0	0	0.00333333333333333	0	0.01	0	0	0	0	0	0	0	0	0
I353V	0	0.01	0.00333333333333333	0	0	0	0	0	0	0	0	0	0	0
V353I	0	0.00333333333333333	0.0133333333333333	0	0	0	0	0	0	0	0	0	0	0
V353I	0	0	0.00666666666666667	0	0	0	0	0	0	0	0	0	0	0
K357R	0	0	0	0.0233333333333333	0.00333333333333333	0	0	0	0	0	0	0	0	0
V363I	0	0	0	0	0	0	0	0	0	0	0.01	0	0	0
V363I	0	0	0	0	0	0	0.01	0	0	0	0	0	0	0
V363L	0	0.00666666666666667	0	0	0	0	0	0	0	0	0	0	0	0
V363L	0	0	0.00666666666666667	0	0	0	0	0	0	0	0	0	0	0
I365V	0	0	0	0	0.00666666666666667	0	0	0	0	0	0	0	0	0
I365V	0	0	0	0	0.00666666666666667	0	0	0	0	0	0	0	0	0
N370S	0	0	0	0	0	0	0	0.233333333333333	0.00666666666666667	0	0	0	0	0
N370S	0	0	0.00666666666666667	0	0	0	0	0	0	0	0	0	0	0
V371M	0	0	0	0	0	0	0	0	0	0	0	0	0.00666666666666667	0
E372G	0	0	0	0	0	0	0.00666666666666667	0	0	0	0	0	0	0
I373T	0	0.9	1	0.993333333333333	1	1	0.993333333333333	0.96	0.97	1	0.753333333333333	1	1	0.986666666666667
T373I	0	0	0	0	0	0	0	0	0	0	0	0	0	0.0133333333333333
T373A	0	0	0	0	0	0	0	0	0.0233333333333333	0	0.246666666666667	0	0	0
T373N	0	0	0	0	0	0	0	0	0.00666666666666667	0	0	0	0	0
T373I	0	0	0	0	0	0	0	0.04	0	0	0	0	0	0
T373I	0	0	0	0.00666666666666667	0	0	0	0	0	0	0	0	0	0
D375N	0	0	0	0	0	0	0	0.0433333333333333	0	0	0	0	0	0
D375N	0	0	0	0	0	0	0.0333333333333333	0	0	0	0	0	0	0
D375N	0	0.00333333333333333	0	0	0.00333333333333333	0	0	0	0	0	0	0	0	0
N377S	0	0	0	0	0	0	0	0	0.0166666666666667	0.633333333333333	0.02	0	0	0
S377N	0	0	0	0	0	0	0	0	0	0.00666666666666667	0	0	0	0
R389T	0	0	0	0	0	0	0	0	0.00666666666666667	0	0	0	0	0
T390M	0	0	0	0	0	0	0	0	0.00666666666666667	0	0	0	0	0
R391K	0	0	0	0	0	0	0	0	0.00666666666666667	0	0	0	0	0
S392D	0	0	0	0	0	0	0	0	0.00666666666666667	0	0	0	0	0
G394H	0	0	0	0	0	0	0	0	0.00666666666666667	0	0	0	0	0
N395P	0	0	0	0	0	0	0	0	0.00666666666666667	0	0	0	0	0
N397C	0	0	0	0	0	0	0	0	0.00666666666666667	0	0	0	0	0
Q398E	0	0	0	0	0	0	0	0	0.00666666666666667	0	0	0	0	0
Q399H	0	0	0	0	0	0	0	0	0	0	0.0133333333333333	0	0	0
K400R	0	0	0	0	0	0	0	0	0	0	0	0	0.03	0.0633333333333333
K400R	0	0	0	0	0	0	0	0	0	0.01	0	0	0	0
K400R	0	0	0	0	0	0	0.00666666666666667	0	0	0	0	0	0	0
K400R	0	0.00666666666666667	0.0133333333333333	0	0	0	0	0	0	0	0	0	0	0
K400R	0	0	0.00666666666666667	0	0	0	0	0	0	0	0	0	0	0
A401L	0	0	0	0	0	0	0	0	0.00666666666666667	0	0	0	0	0
A401T	0	0	0	0	0.0133333333333333	0	0	0	0	0	0	0	0	0
A401T	0	0	0	0.01	0	0	0	0	0	0	0	0	0	0
V408M	0	0	0	0	0	0	0	0	0	0	0.01	0	0	0
T411A	0	0	0	0.01	0	0	0	0	0	0	0	0	0	0
V414M	0	0	0	0	0.01	0	0	0	0	0	0	0	0	0
R416P	0	0	0	0	0.01	0	0	0	0	0	0	0	0	0
N417S	0	0	0	0	0	0	0	0	0	0	0.00666666666666667	0	0	0
N417S	0	0	0	0	0	0.0566666666666667	0	0	0	0	0	0	0	0
L418H	0	0	0	0	0.00666666666666667	0	0	0	0	0	0	0	0	0
A423T	0	0	0	0	0	0	0	0	0	0	0	0	0.0166666666666667	0
T424I	0	0.00333333333333333	0.00333333333333333	0	0	0	0	0	0	0	0	0	0	0
V425I	0	0	0	0	0	0	0	0	0.0233333333333333	0	0.253333333333333	0	0.803333333333333	0.566666666666667
I425V	0	0	0	0	0	0	0	0	0	0	0.0133333333333333	0	0	0
V425I	0	0	0	0	0.0233333333333333	0.06	0.0133333333333333	0.03	0	0	0	0	0	0
V425I	0	0	0	0	0	0	0	0	0	0.0833333333333333	0	0	0	0
V425I	0	0	0	0.01	0.00333333333333333	0	0	0	0	0	0	0	0	0
N432S	0	0	0	0	0	0	0.00666666666666667	0	0	0	0	0	0	0
N432S	0	0	0	0	0	0	0	0	0	0.03	0	0	0	0
N433S	0	0	0	0	0	0	0	0	0	0	0.00666666666666667	0	0	0
N433S	0	0	0	0	0	0	0	0	0	0	0	0	0.0133333333333333	0
E434D	0	0	0	0	0.01	0	0	0	0	0	0	0	0	0
V444I	0	0	0	0	0	0	0	0	0	0	0.00333333333333333	0	0.803333333333333	0.566666666666667
I444V	0	0	0	0	0	0	0	0	0.0233333333333333	0	0.243333333333333	0	0	0
V444I	0	0	0	0	0	0	0	0.0333333333333333	0	0	0	0	0	0
V444I	0	0	0	0	0.00333333333333333	0.0333333333333333	0	0	0	0	0	0	0	0
R446K	0	0	0	0	0	0	0.0366666666666667	0	0	0	0	0	0	0
M447I	0	0	0	0	0	0	0	0	0	0	0	0	0.01	0
S450N	0	0	0	0	0	0	0	0	0	0	0	0	0	0.0666666666666667
S450N	0	0	0	0	0.00666666666666667	0	0	0	0	0	0	0	0	0
S450I	0	0	0.00333333333333333	0.00666666666666667	0	0	0	0	0	0	0	0	0	0
I450N	0	0.00333333333333333	0	0.00666666666666667	0	0	0	0	0	0	0	0	0	0
K452R	0	0	0	0.00666666666666667	0	0	0	0	0	0	0	0	0	0
K452R	0	0	0.00666666666666667	0.323333333333333	0.02	0	0	0	0	0	0	0	0	0
E454G	0	0	0	0	0	0	0	0	0	0	0.01	0	0	0
E454D	0	0	0	0	0	0	0	0	0.0166666666666667	0.64	0.02	0	0	0
S467L	0	0	0	0	0	0	0	0	0.01	0	0	0	0	0
T472A	0	0	0	0	0	0	0	0	0	0	0.0766666666666667	0.213333333333333	0	0
N473T	0	0	0.0133333333333333	0	0	0	0	0	0	0	0	0	0	0
D480N	0	0	0	0	0	0	0	0	0.0133333333333333	0	0	0	0	0
S482C	0	0	0	0	0	0	0	0	0	0.0166666666666667	0	0	0	0
S482N	0	0	0	0.01	0	0	0.0233333333333333	0	0	0	0	0	0	0
F488S	0	0	0	0.00666666666666667	0	0	0	0	0	0	0	0	0	0
S498N	0	0	0	0	0.00333333333333333	0.0833333333333333	0.06	0.11	0.866666666666667	0.36	0.953333333333333	1	1	1
N498S	0	0	0	0	0	0	0	0	0	0	0.01	0	0	0
N498S	0	0	0	0	0	0	0	0	0	0	0.0133333333333333	0	0	0
N498S	0	0	0	0	0	0	0	0	0.00666666666666667	0	0	0	0	0
N498S	0	0	0	0	0	0	0	0	0.01	0	0	0	0	0
N498S	0	0	0	0	0	0	0	0	0.0133333333333333	0	0	0	0	0
N498S	0	0	0	0	0	0	0.03	0	0	0	0	0	0	0
