L3P	0	0	0	0	0.00666666666666667	0	0	0	0	0	0	0	0	0
L3F	0	0	0	0.00666666666666667	0.00333333333333333	0	0	0	0	0	0	0	0	0
L3Q	0	0.01	0.00666666666666667	0	0	0	0	0	0	0	0	0	0	0
L3Q	0	0.00333333333333333	0.00333333333333333	0	0	0	0	0.0133333333333333	0	0	0	0	0	0
V7G	0	0	0.00333333333333333	0	0	0	0.0166666666666667	0	0	0	0	0	0	0
Y10H	0	0.00666666666666667	0	0.00666666666666667	0	0	0	0	0	0	0	0	0	0
S13A	0	0	0	0	0	0	0.00666666666666667	0	0	0	0	0	0	0
I14V	0	0	0	0	0	0	0	0	0	0	0	0	0.0166666666666667	0
L28M	0	0	0	0.00666666666666667	0	0	0	0	0	0	0	0	0	0
E29S	0	0.0266666666666667	0.00333333333333333	0	0	0	0	0	0	0	0	0	0	0
S30N	0	0.0133333333333333	0	0	0	0	0	0	0	0	0	0	0	0
S30A	0	0.0266666666666667	0.00333333333333333	0	0	0	0	0	0	0	0	0	0	0
S30G	0	0	0	0.00666666666666667	0	0	0	0	0	0	0	0	0	0
S30G	0	0.00333333333333333	0.00666666666666667	0	0	0	0	0	0	0	0	0	0	0
S30N	0	0	0.00333333333333333	0.00333333333333333	0	0	0	0	0	0	0	0	0	0
V31I	0	0	0	0.00333333333333333	0	0.01	0	0	0	0	0	0	0	0
V31L	0	0.0266666666666667	0.00333333333333333	0	0	0	0	0	0	0	0	0	0	0
F32A	0	0.0266666666666667	0.00333333333333333	0	0	0	0	0	0	0	0	0	0	0
A33T	0	0	0	0	0	0	0	0	0	0	0.00666666666666667	0	0	0
A33V	0	0	0	0	0	0	0	0	0.00666666666666667	0	0	0	0	0
A33G	0	0.0266666666666667	0.00333333333333333	0	0	0	0	0	0	0	0	0	0	0
A33T	0	0	0	0	0.00666666666666667	0	0	0	0	0	0	0	0	0
G34K	0	0.0266666666666667	0.00333333333333333	0	0	0	0	0	0	0	0	0	0	0
K35N	0	0.0266666666666667	0.00333333333333333	0	0	0	0	0	0	0	0	0	0	0
N36S	0	0	0	0	0	0	0	0	0	0.00666666666666667	0	0	0	0
N36S	0	0.0266666666666667	0.00333333333333333	0	0	0	0	0	0	0	0	0	0	0
T37D	0	0.0266666666666667	0.00333333333333333	0	0	0	0	0	0	0	0	0	0	0
T37A	0	0	0	0.0366666666666667	0	0	0	0	0	0	0	0	0	0
D38L	0	0.0266666666666667	0.00333333333333333	0	0	0	0	0	0	0	0	0	0	0
L39A	0	0.0266666666666667	0.00333333333333333	0	0	0	0	0	0	0	0	0	0	0
A41V	0	0	0	0	0	0	0	0	0	0	0	0.0466666666666667	0	0
A41T	0	0.0266666666666667	0.00333333333333333	0	0	0	0	0	0	0	0	0	0	0
L42G	0	0.0266666666666667	0.00333333333333333	0	0	0	0	0	0	0	0	0	0	0
M43K	0	0.0266666666666667	0.00333333333333333	0	0	0	0	0	0	0	0	0	0	0
R49S	0	0.0266666666666667	0.00333333333333333	0	0	0	0	0	0	0	0	0	0	0
P50R	0	0.0266666666666667	0.00333333333333333	0	0	0	0	0	0	0	0	0	0	0
S53P	0	0.0266666666666667	0.00333333333333333	0	0	0	0	0	0	0	0	0	0	0
P54S	0	0	0	0	0	0	0	0	0.00666666666666667	0	0	0	0	0
T56I	0	0	0.00333333333333333	0.00666666666666667	0	0	0	0	0	0	0	0	0	0
K57T	0	0	0	0	0	0	0.00333333333333333	0.0166666666666667	0	0	0	0	0	0
K57P	0	0.0266666666666667	0.00333333333333333	0	0	0	0	0	0	0	0	0	0	0
F62N	0	0.0266666666666667	0.00333333333333333	0	0	0	0	0	0	0	0	0	0	0
F62C	0	0	0	0.01	0	0	0	0	0	0	0	0	0	0
V63R	0	0.0266666666666667	0.00333333333333333	0	0	0	0	0	0	0	0	0	0	0
F64L	0	0.0266666666666667	0.00333333333333333	0	0	0	0	0	0	0	0	0	0	0
F64Y	0	0	0.00666666666666667	0	0	0	0	0	0	0	0	0	0	0
T65P	0	0.0266666666666667	0.00333333333333333	0	0	0	0	0	0	0	0	0	0	0
L66V	0	0.0266666666666667	0.00333333333333333	0	0	0	0	0	0	0	0	0	0	0
T67S	0	0.0266666666666667	0.00333333333333333	0	0	0	0	0	0	0	0	0	0	0
V68K	0	0.0266666666666667	0.00333333333333333	0	0	0	0	0	0	0	0	0	0	0
P69Q	0	0.0266666666666667	0.00333333333333333	0	0	0	0	0	0	0	0	0	0	0
P69L	0	0	0	0.01	0	0	0	0	0	0	0	0	0	0
S70N	0	0.0266666666666667	0.00333333333333333	0	0	0	0	0	0	0	0	0	0	0
L74Q	0	0.0266666666666667	0.00333333333333333	0	0	0	0	0	0	0	0	0	0	0
R76H	0	0.0266666666666667	0.00333333333333333	0	0	0	0	0	0	0	0	0	0	0
R77I	0	0	0	0	0	0	0	0.0166666666666667	0	0	0	0	0	0
F79Y	0	0	0	0.0133333333333333	0	0	0	0	0	0	0	0	0	0
V80I	0	0	0	0	0	0.01	0.0466666666666667	0	0.13	0.02	0.233333333333333	0.756666666666667	0.833333333333333	0.76
I80V	0	0	0	0	0	0	0	0	0.0133333333333333	0	0	0	0	0
V80I	0	0	0	0	0	0	0.01	0.0766666666666667	0.713333333333333	0.97	0.763333333333333	0.243333333333333	0.153333333333333	0.24
I80V	0	0	0	0	0	0	0	0	0.0433333333333333	0.01	0	0	0	0
I80V	0	0	0	0	0	0	0	0	0	0	0	0	0.0133333333333333	0
V80I	0	0	0	0	0	0.0166666666666667	0	0	0	0	0	0	0	0
V80I	0	0	0	0	0	0.0166666666666667	0	0	0	0	0	0	0	0
V80I	0	0.0266666666666667	0.03	0.173333333333333	0.643333333333333	0.486666666666667	0.803333333333333	0.653333333333333	0.05	0	0	0	0	0
I80V	0	0.0266666666666667	0.00333333333333333	0	0	0	0	0	0	0	0	0	0	0
I80V	0	0.0166666666666667	0.0966666666666667	0.05	0.0233333333333333	0	0	0.0133333333333333	0.00333333333333333	0	0	0	0	0
I80V	0	0.01	0.00666666666666667	0.00333333333333333	0	0	0	0	0	0	0	0	0	0
I80V	0	0	0	0.106666666666667	0	0	0	0	0	0	0	0	0	0
I80V	0	0	0	0.00333333333333333	0	0	0	0.01	0	0	0	0	0	0
I80V	0	0.00333333333333333	0.00666666666666667	0.01	0	0	0	0	0	0	0	0	0	0
V80I	0	0	0	0	0.04	0.0366666666666667	0.00333333333333333	0.01	0.00666666666666667	0	0	0	0	0
V80I	0	0.00666666666666667	0	0	0.00333333333333333	0.01	0	0	0	0	0	0	0	0
V80I	0	0	0	0	0.00666666666666667	0	0	0	0	0	0	0	0	0
V80I	0	0	0	0.00333333333333333	0	0	0.0266666666666667	0.12	0.0266666666666667	0	0	0	0	0
V80I	0	0	0	0.00333333333333333	0.01	0	0.00333333333333333	0	0	0	0	0	0	0
V80I	0	0	0	0	0.00666666666666667	0	0	0	0	0	0	0	0	0
V80I	0	0	0	0	0.00333333333333333	0	0.00333333333333333	0	0	0	0	0	0	0
I80V	0	0	0	0.00666666666666667	0.02	0	0	0	0	0	0	0	0	0
V80I	0	0	0	0	0	0.01	0	0	0	0	0	0	0	0
V80I	0	0	0	0	0	0.0166666666666667	0	0	0	0	0	0	0	0
V80I	0	0	0	0	0	0	0	0.0133333333333333	0	0	0	0	0	0
N82D	0	0	0	0	0	0	0	0.0166666666666667	0	0	0	0	0	0
N82S	0	0	0	0	0.00666666666666667	0	0	0	0	0	0	0	0	0
N82S	0	0	0	0.01	0	0	0	0	0	0	0	0	0	0
A83S	0	0	0	0	0	0	0.0233333333333333	0.0366666666666667	0	0	0	0	0	0
N85S	0	0	0	0	0	0	0	0	0	0.00666666666666667	0	0	0	0
N85H	0	0.0266666666666667	0.00333333333333333	0	0	0	0	0	0	0	0	0	0	0
G86L	0	0.0266666666666667	0.00333333333333333	0	0	0	0	0	0	0	0	0	0	0
N87Q	0	0.0266666666666667	0.00333333333333333	0	0	0	0	0	0	0	0	0	0	0
G88T	0	0.0266666666666667	0.00333333333333333	0	0	0	0	0	0	0	0	0	0	0
D89Y	0	0.0266666666666667	0.00333333333333333	0	0	0	0	0	0	0	0	0	0	0
P90H	0	0.0266666666666667	0.00333333333333333	0	0	0	0	0	0	0	0	0	0	0
N91S	0	0	0	0	0	0	0	0	0	0	0	0	0	0.04
N91Y	0	0.0266666666666667	0.00333333333333333	0	0	0	0	0	0	0	0	0	0	0
N91S	0	0	0	0	0	0	0	0.0166666666666667	0	0	0	0	0	0
N92T	0	0.0266666666666667	0.00333333333333333	0	0	0	0	0	0	0	0	0	0	0
M93I	0	0	0	0	0	0	0	0	0.00333333333333333	0	0.0166666666666667	0	0	0
M93G	0	0.0266666666666667	0.00333333333333333	0	0	0	0	0	0	0	0	0	0	0
D94N	0	0.0266666666666667	0.00666666666666667	0	0	0	0	0	0	0	0	0	0	0
N94D	0	0.00666666666666667	0.00333333333333333	0	0.01	0	0	0	0	0	0	0	0	0
R95S	0	0.0266666666666667	0.00333333333333333	0	0	0	0	0	0	0	0	0	0	0
A96T	0	0.0266666666666667	0.00333333333333333	0	0	0	0	0	0	0	0	0	0	0
V97F	0	0.0266666666666667	0.00333333333333333	0	0	0	0	0	0	0	0	0	0	0
K98P	0	0.0266666666666667	0.00333333333333333	0	0	0	0	0	0	0	0	0	0	0
Y100C	0	0.0266666666666667	0.00333333333333333	0	0	0	0	0	0	0	0	0	0	0
K101R	0	0	0	0	0	0	0	0	0	0.01	0	0	0	0
K102W	0	0.0266666666666667	0.00333333333333333	0	0	0	0	0	0	0	0	0	0	0
L103C	0	0.0266666666666667	0.00333333333333333	0	0	0	0	0	0	0	0	0	0	0
K104R	0	0.0266666666666667	0.00333333333333333	0	0	0	0	0	0	0	0	0	0	0
R105W	0	0.0266666666666667	0.00333333333333333	0	0	0	0	0	0	0	0	0	0	0
R105S	0	0	0	0	0	0	0	0.0133333333333333	0	0	0	0	0	0
E106K	0	0	0	0	0	0.01	0	0	0	0	0	0	0	0
I107M	0	0.0266666666666667	0.00333333333333333	0	0	0	0	0	0	0	0	0	0	0
T108L	0	0.0266666666666667	0.00333333333333333	0	0	0	0	0	0	0	0	0	0	0
T108M	0	0	0	0	0	0	0	0.00666666666666667	0	0	0	0	0	0
H110Y	0	0.0266666666666667	0.00333333333333333	0	0	0	0	0	0	0	0	0	0	0
G111R	0	0.0266666666666667	0.00333333333333333	0	0	0	0	0	0	0	0	0	0	0
A112C	0	0.0266666666666667	0.00333333333333333	0	0	0	0	0	0	0	0	0	0	0
K113E	0	0.0266666666666667	0.00333333333333333	0	0	0	0	0	0	0	0	0	0	0
E114W	0	0.0266666666666667	0.00333333333333333	0	0	0	0	0	0	0	0	0	0	0
S118N	0	0	0	0	0	0	0	0.0166666666666667	0	0	0	0	0	0
S118A	0	0	0	0	0.00666666666666667	0	0	0	0	0	0	0	0	0
S118T	0	0.00666666666666667	0.00333333333333333	0	0.01	0	0	0	0	0	0	0	0	0
S120F	0	0.0266666666666667	0.00333333333333333	0	0	0	0	0	0	0	0	0	0	0
T121S	0	0.00666666666666667	0.00333333333333333	0	0.01	0	0	0	0	0	0	0	0	0
T121A	0	0	0	0	0	0	0	0.02	0	0	0	0	0	0
G122N	0	0.0266666666666667	0.00333333333333333	0	0	0	0	0	0	0	0	0	0	0
A123V	0	0.0266666666666667	0.00333333333333333	0	0	0	0	0	0	0	0	0	0	0
L124N	0	0.0266666666666667	0.00333333333333333	0	0	0	0	0	0	0	0	0	0	0
A125V	0	0.0266666666666667	0.00333333333333333	0	0	0	0	0	0	0	0	0	0	0
A125S	0	0	0	0	0	0	0	0.01	0	0	0	0	0	0
S126R	0	0.0333333333333333	0.00666666666666667	0	0.01	0	0	0	0	0	0	0	0	0
C127P	0	0.0266666666666667	0.00333333333333333	0	0	0	0	0	0	0	0	0	0	0
M128K	0	0.0266666666666667	0.00333333333333333	0	0	0	0	0	0	0	0	0	0	0
G129V	0	0.00666666666666667	0.00333333333333333	0	0.01	0	0	0	0	0	0	0	0	0
L130I	0	0	0	0	0	0.0166666666666667	0	0	0	0	0	0	0	0
L130A	0	0.0266666666666667	0.00333333333333333	0	0	0	0	0	0	0	0	0	0	0
N133S	0	0	0	0.00666666666666667	0.01	0	0.00666666666666667	0.0366666666666667	0.00666666666666667	0	0	0	0	0
R134T	0	0.00666666666666667	0.00333333333333333	0	0.01	0	0	0	0	0	0	0	0	0
T134S	0	0.0266666666666667	0.00333333333333333	0	0	0	0	0	0	0	0	0	0	0
M135P	0	0.0266666666666667	0.00333333333333333	0	0	0	0	0	0	0	0	0	0	0
G136R	0	0.0266666666666667	0.00333333333333333	0	0	0	0	0	0	0	0	0	0	0
T137S	0	0.0266666666666667	0.00333333333333333	0	0	0	0	0	0	0	0	0	0	0
T139A	0	0	0	0.00666666666666667	0	0	0	0	0	0	0	0	0	0
E141V	0	0.0333333333333333	0.00666666666666667	0	0.01	0	0	0	0	0	0	0	0	0
A142S	0	0.00666666666666667	0.00333333333333333	0	0.01	0	0	0	0	0	0	0	0	0
S142I	0	0.0266666666666667	0.00333333333333333	0	0	0	0	0	0	0	0	0	0	0
A143T	0	0.0266666666666667	0.00333333333333333	0	0	0	0	0	0	0	0	0	0	0
G145R	0	0.0266666666666667	0.00333333333333333	0	0	0	0	0	0	0	0	0	0	0
L146R	0	0.0266666666666667	0.00333333333333333	0	0	0	0	0	0	0	0	0	0	0
V147L	0	0.0266666666666667	0.00333333333333333	0	0	0	0	0	0	0	0	0	0	0
V147L	0	0.00333333333333333	0.00333333333333333	0	0	0	0	0	0	0	0	0	0	0
D156E	0	0	0	0	0	0	0	0	0	0	0.00666666666666667	0	0	0
S157L	0	0.0266666666666667	0.00333333333333333	0	0	0	0	0	0	0	0	0	0	0
Q158H	0	0.0266666666666667	0.00333333333333333	0	0	0	0	0	0	0	0	0	0	0
Q158H	0	0	0	0.00666666666666667	0	0	0	0	0	0	0	0	0	0
H159E	0	0.0266666666666667	0.00333333333333333	0	0	0	0	0	0	0	0	0	0	0
R160K	0	0.0266666666666667	0.00333333333333333	0	0	0	0	0	0	0	0	0	0	0
R160P	0	0	0	0.0133333333333333	0	0	0	0	0	0	0	0	0	0
Q164L	0	0.0166666666666667	0.00333333333333333	0	0	0	0	0	0	0	0	0	0	0
M165E	0	0.0166666666666667	0.00333333333333333	0	0	0	0	0	0	0	0	0	0	0
A166I	0	0.0166666666666667	0.00333333333333333	0	0	0	0	0	0	0	0	0	0	0
T167A	0	0	0	0	0	0	0	0	0	0	0	0	0.43	0.516666666666667
T167L	0	0.0166666666666667	0.00333333333333333	0	0	0	0	0	0	0	0	0	0	0
T167I	0	0	0	0	0	0	0	0.03	0	0	0	0	0	0
T167I	0	0.0166666666666667	0	0	0	0	0	0	0	0	0	0	0	0
T168G	0	0.01	0.00333333333333333	0	0	0	0	0	0	0	0	0	0	0
T169N	0	0.01	0.00333333333333333	0	0	0	0	0	0	0	0	0	0	0
N170I	0	0.01	0.00333333333333333	0	0	0	0	0	0	0	0	0	0	0
P171L	0	0.01	0.00333333333333333	0	0	0	0	0	0	0	0	0	0	0
L172K	0	0.01	0.00333333333333333	0	0	0	0	0	0	0	0	0	0	0
I173V	0	0.01	0.00333333333333333	0	0	0	0	0	0	0	0	0	0	0
R174N	0	0.01	0.00333333333333333	0	0	0	0	0	0	0	0	0	0	0
H175S	0	0.01	0.00333333333333333	0	0	0	0	0	0	0	0	0	0	0
E176W	0	0.01	0.00333333333333333	0	0	0	0	0	0	0	0	0	0	0
R178I	0	0.01	0.00333333333333333	0	0	0	0	0	0	0	0	0	0	0
L181M	0	0	0	0	0.00666666666666667	0	0	0	0	0	0	0	0	0
L181M	0	0	0	0	0.00666666666666667	0	0	0	0	0	0	0	0	0
A186V	0	0.01	0.00333333333333333	0	0	0	0	0	0	0	0	0	0	0
K187D	0	0.01	0.00333333333333333	0	0	0	0	0	0	0	0	0	0	0
A188V	0	0	0	0	0	0	0	0	0	0	0	0	0.0133333333333333	0
A188L	0	0.01	0.00333333333333333	0	0	0	0	0	0	0	0	0	0	0
M189L	0	0.01	0.00333333333333333	0	0	0	0	0	0	0	0	0	0	0
Q191H	0	0	0	0	0	0	0.00666666666666667	0	0.116666666666667	0.00666666666666667	0	0	0	0
M192V	0	0	0	0	0	0	0.01	0.0766666666666667	0.713333333333333	0.98	0.763333333333333	0.243333333333333	0.166666666666667	0.24
V192M	0	0	0	0	0	0	0	0	0.01	0	0	0	0	0
V192M	0	0	0	0	0	0	0	0	0.01	0	0	0	0	0
M192V	0	0	0	0	0	0	0	0	0	0.0133333333333333	0.0333333333333333	0	0	0
M192V	0	0	0	0	0	0	0	0	0.00333333333333333	0	0.2	0.756666666666667	0.833333333333333	0.76
M192F	0	0.01	0.00333333333333333	0	0	0	0	0	0	0	0	0	0	0
A193T	0	0.01	0.00333333333333333	0	0	0	0	0	0	0	0	0	0	0
G194R	0	0	0	0	0	0	0	0	0	0	0	0	0.02	0
S195P	0	0.01	0.00333333333333333	0	0	0	0	0	0	0	0	0	0	0
S196N	0	0	0	0	0	0.0133333333333333	0	0	0	0	0	0	0	0
S196G	0	0.01	0.00333333333333333	0	0	0	0	0	0	0	0	0	0	0
E197Q	0	0.01	0.00333333333333333	0	0	0	0	0	0	0	0	0	0	0
A199L	0	0.01	0.00333333333333333	0	0	0	0	0	0	0	0	0	0	0
A200V	0	0	0	0	0	0	0	0	0	0	0	0	0	0.0433333333333333
A200V	0	0.01	0.00333333333333333	0	0	0	0	0	0	0	0	0	0	0
A200E	0	0	0	0.01	0	0	0	0	0	0	0	0	0	0
M203I	0	0.00666666666666667	0	0	0	0	0	0	0	0	0	0	0	0
M203I	0	0	0	0	0.01	0	0	0	0	0	0	0	0	0
M203I	0	0	0.00333333333333333	0	0	0.01	0	0	0	0	0	0	0	0
E204D	0	0	0	0	0	0	0	0	0	0	0	0	0	0.03
N207T	0	0	0	0.00666666666666667	0	0	0	0	0	0	0	0	0	0
Q208K	0	0	0	0	0	0	0	0	0	0	0	0	0.0766666666666667	0.24
R210K	0	0	0	0	0	0	0	0.02	0	0	0	0	0	0
R210K	0	0	0	0	0.0266666666666667	0.0366666666666667	0.00333333333333333	0.01	0.00666666666666667	0	0	0	0	0
M212I	0	0	0	0	0	0	0	0	0.00666666666666667	0	0	0	0	0
V213I	0	0	0	0	0	0	0	0	0.00666666666666667	0	0	0	0	0
I219V	0	0	0	0	0.00333333333333333	0	0.00333333333333333	0.03	0	0	0	0	0	0
I219V	0	0.00333333333333333	0.00666666666666667	0.00333333333333333	0	0	0	0	0	0	0	0	0	0
S224N	0	0	0	0	0	0	0	0	0	0	0.00666666666666667	0	0	0
S224N	0	0	0	0	0.00666666666666667	0	0	0	0	0	0	0	0	0
A227S	0	0	0	0	0	0	0.0133333333333333	0	0	0	0	0	0	0
S227T	0	0	0	0	0	0	0.00333333333333333	0	0	0.0133333333333333	0.0333333333333333	0	0	0
A227T	0	0	0	0	0	0	0	0.01	0	0	0	0	0	0
A227T	0	0	0.0166666666666667	0.00666666666666667	0	0	0	0	0	0	0	0	0	0
A227T	0	0	0	0	0	0	0	0.00666666666666667	0	0	0	0	0	0
K230R	0	0	0	0.0366666666666667	0.00333333333333333	0.01	0.0566666666666667	0.0766666666666667	0.9	1	0.996666666666667	1	1	1
R230K	0	0.00666666666666667	0	0	0	0.0166666666666667	0	0	0	0	0	0	0	0
E235D	0	0	0	0	0	0	0	0	0	0	0	0	0	0.03
Y240F	0	0	0	0	0	0	0	0.02	0	0	0	0	0	0
K242R	0	0	0	0	0	0.00666666666666667	0	0	0	0	0	0	0	0
