I5V	0	0.00666666666666667	0.00333333333333333	0	0	0	0	0	0	0	0	0	0	0
Y7H	0	0	0	0	0	0.00666666666666667	0	0	0	0	0	0	0	0
Y7H	0	0	0	0.00666666666666667	0.00666666666666667	0	0	0	0	0	0	0	0	0
A9T	0	0	0	0	0.00333333333333333	0.0133333333333333	0	0	0	0	0	0	0	0
A9T	0	0	0	0	0	0.00666666666666667	0	0	0	0	0	0	0	0
N11S	0	0	0	0	0	0.02	0	0	0	0	0	0	0	0
N11K	0	0	0	0	0	0	0.00666666666666667	0	0	0	0	0	0	0
T13A	0	0	0	0	0	0	0	0	0.00666666666666667	0	0	0.02	0.01	0
D14G	0	0	0	0	0.01	0	0	0	0	0	0	0	0	0
T15N	0	0.00666666666666667	0	0	0	0	0	0	0	0	0	0	0	0
V16I	0	0	0	0	0	0	0	0	0	0	0.00333333333333333	0	0.0133333333333333	0
D17Y	0	0	0.01	0	0	0	0.00333333333333333	0	0	0	0	0	0	0
D17N	0	0.00666666666666667	0	0	0	0	0	0	0	0	0	0	0	0
V19I	0	0	0.01	0.0133333333333333	0	0	0	0	0	0	0	0	0	0
L20I	0	0	0	0	0	0	0	0.01	0	0	0	0	0	0
E21G	0	0	0	0	0	0	0	0.01	0	0	0	0	0	0
N23D	0	0.00666666666666667	0	0	0	0	0	0	0	0	0	0	0	0
V30I	0	0	0	0	0	0	0	0	0	0.0133333333333333	0	0	0	0
V30I	0	0	0	0	0	0	0	0	0	0.01	0	0	0	0
V30A	0	0	0	0	0	0	0.01	0	0	0	0	0	0	0
V30A	0	0	0	0	0	0	0.0133333333333333	0.02	0	0	0	0	0	0
V30A	0	0	0.00666666666666667	0.01	0	0	0	0	0	0	0	0	0	0
V30A	0	0	0	0.0133333333333333	0	0	0	0	0	0	0	0	0	0
N31H	0	0	0	0.00666666666666667	0	0	0	0	0	0	0	0	0	0
N31D	0	0	0.00333333333333333	0.03	0.0366666666666667	0.0166666666666667	0	0	0	0	0	0	0	0
D31N	0	0	0	0.00666666666666667	0	0	0	0	0	0	0	0	0	0
L32I	0	0.00666666666666667	0.0266666666666667	0.01	0	0	0	0	0	0	0	0	0	0
L32I	0	0.0433333333333333	0.02	0.0133333333333333	0	0	0	0	0	0	0	0	0	0
E34K	0	0.00666666666666667	0	0	0	0	0	0	0	0	0	0	0	0
D35G	0	0	0	0	0	0	0	0	0.00666666666666667	0.00333333333333333	0	0	0	0
D35G	0	0	0	0	0	0	0	0	0.01	0	0	0	0	0
D35N	0	0	0	0.00666666666666667	0	0	0	0	0	0	0	0	0	0
D35G	0	0	0.00666666666666667	0	0	0	0	0	0	0	0	0	0	0
D35N	0	0	0.01	0	0	0	0	0	0	0	0	0	0	0
D35N	0	0.00333333333333333	0.00333333333333333	0	0	0	0	0	0	0	0	0	0	0
K36M	0	0	0	0	0	0	0	0	0	0	0	0	0.113333333333333	0.13
K36E	0	0	0	0	0	0	0	0	0	0	0.00333333333333333	0	0.0533333333333333	0
K36N	0	0	0	0	0	0	0	0	0	0.0166666666666667	0	0	0	0
K36R	0	0	0	0	0	0	0	0	0.00666666666666667	0	0	0	0	0
K36E	0	0	0	0	0	0	0.00666666666666667	0	0	0	0	0	0	0
N38D	0	0	0	0	0	0	0	0	0	0	0	0.0366666666666667	0	0
N38D	0	0	0	0	0	0	0	0.01	0	0	0	0	0	0
N38D	0	0	0	0	0.01	0	0	0	0	0	0	0	0	0
N38D	0	0	0	0.0633333333333333	0	0	0	0	0	0	0	0	0	0
G39R	0	0	0	0	0	0	0.00666666666666667	0	0	0	0	0	0	0
G39E	0	0	0	0	0.00666666666666667	0	0	0	0	0	0	0	0	0
G39E	0	0	0	0.0133333333333333	0	0	0	0	0	0	0	0	0	0
G39R	0	0	0	0.00666666666666667	0	0	0	0	0	0	0	0	0	0
G39W	0	0.00333333333333333	0.00333333333333333	0.00333333333333333	0	0	0	0	0	0	0	0	0	0
K43R	0	0	0	0	0	0	0	0	0	0.00666666666666667	0	0	0	0
K43Q	0	0	0	0.00666666666666667	0	0	0	0	0	0	0	0	0	0
K43R	0	0.01	0	0	0	0	0	0	0	0	0	0	0	0
L44I	0	0	0	0	0	0	0.00666666666666667	0	0	0	0	0	0	0
L44I	0	0.00666666666666667	0	0	0	0	0	0	0	0	0	0	0	0
R45K	0	0	0	0	0	0	0	0	0	0.00666666666666667	0	0	0	0
R45K	0	0	0	0	0.0233333333333333	0	0	0	0	0	0	0	0	0
R45K	0	0.00666666666666667	0	0.00333333333333333	0.00666666666666667	0	0	0	0	0	0	0	0	0
R45K	0	0.00666666666666667	0.00333333333333333	0	0	0	0	0	0	0	0	0	0	0
V47I	0	0	0	0	0	0	0	0	0	0.0366666666666667	0	0	0	0
V47I	0	0	0	0	0	0.00666666666666667	0	0	0	0	0	0	0	0
V47I	0	0	0	0	0	0	0	0.00666666666666667	0	0	0	0	0	0
V47I	0	0	0	0	0	0	0	0	0	0.00666666666666667	0	0	0	0
V47I	0	0	0.00333333333333333	0	0	0.00333333333333333	0	0	0	0	0	0	0	0
V47I	0	0.00333333333333333	0.00666666666666667	0	0	0	0	0	0	0	0	0	0	0
V47I	0	0	0	0.01	0.00333333333333333	0	0	0	0	0	0	0	0	0
A48P	0	0	0	0	0	0	0	0	0	0	0	0	0.113333333333333	0.0333333333333333
A48S	0	0	0	0	0	0	0	0	0	0.00333333333333333	0.00666666666666667	0	0	0
A48V	0	0	0	0	0	0	0	0	0	0.00666666666666667	0	0	0	0
A48T	0	0	0	0	0	0	0	0.0166666666666667	0	0	0	0	0	0
A48T	0	0	0	0	0	0	0.00666666666666667	0	0	0	0	0	0	0
A48T	0	0	0	0	0	0.00666666666666667	0	0	0	0	0	0	0	0
A48S	0	0	0	0	0	0	0	0	0.00666666666666667	0	0	0	0	0
K54R	0	0	0	0	0	0	0.0233333333333333	0	0	0	0	0	0	0
K54E	0	0	0.00666666666666667	0	0	0	0	0	0	0	0	0	0	0
N56S	0	0	0	0	0.0233333333333333	0.0133333333333333	0	0	0	0	0	0	0	0
N56S	0	0	0	0.00666666666666667	0	0	0	0	0	0	0	0	0	0
G63R	0	0.00666666666666667	0	0	0	0	0	0	0	0	0	0	0	0
E66G	0	0	0	0	0	0	0	0	0	0	0	0	0.00666666666666667	0
E66D	0	0	0	0	0	0	0.00666666666666667	0	0	0	0	0	0	0
E68V	0	0	0	0	0	0	0.01	0	0	0	0	0	0	0
E68D	0	0	0	0	0.00333333333333333	0.01	0	0	0	0	0	0	0	0
S69P	0	0	0	0	0	0	0	0	0	0	0.00666666666666667	0	0	0
S69T	0	0	0	0	0	0	0.62	0.42	0.02	0	0	0	0	0
T69S	0	0	0	0	0.01	0	0	0	0	0	0	0	0	0
T69S	0	0	0	0	0	0	0.01	0	0	0	0	0	0	0
S69T	0	0	0	0.01	0	0	0	0.00666666666666667	0	0	0	0	0	0
S69L	0	0	0.01	0	0	0	0	0	0	0	0	0	0	0
S71A	0	0	0	0	0.00666666666666667	0	0	0	0	0	0	0	0	0
T72A	0	0	0	0	0	0	0	0	0.0166666666666667	0	0	0	0	0
A73S	0	0	0	0	0	0	0	0	0	0.00666666666666667	0	0	0	0
A73S	0	0	0	0	0	0	0	0	0	0.01	0	0	0	0
S74G	0	0	0	0	0	0	0	0	0	0.01	0	0	0	0
S74N	0	0	0	0	0	0	0.0133333333333333	0.00333333333333333	0	0	0	0	0	0
S74N	0	0	0	0.00333333333333333	0.00333333333333333	0	0	0	0	0	0	0	0	0
W76G	0	0.00666666666666667	0	0	0	0	0	0	0	0	0	0	0	0
V80E	0	0.00666666666666667	0	0	0	0	0	0	0	0	0	0	0	0
T82A	0	0.00333333333333333	0.00333333333333333	0	0	0	0	0	0	0	0	0	0	0
S83F	0	0.00333333333333333	0.00333333333333333	0	0	0	0	0	0.00666666666666667	0.00333333333333333	0	0	0.00333333333333333	0
S83P	0	0	0	0	0	0	0	0	0.00666666666666667	0	0	0	0	0
S83P	0	0	0	0.00666666666666667	0	0	0	0	0	0	0	0	0	0
S83P	0	0	0	0	0	0	0	0.00666666666666667	0	0	0	0	0	0
S83Y	0	0.00666666666666667	0	0	0	0	0	0	0	0	0	0	0	0
S83P	0	0.01	0	0.00333333333333333	0	0	0	0	0.01	0	0	0.01	0	0
S84N	0	0	0	0	0	0	0	0	0	0	0.01	0	0	0
S84N	0	0	0	0	0	0	0	0	0	0.00333333333333333	0	0	0.176666666666667	0.266666666666667
S84N	0	0	0	0	0	0	0	0	0	0.00666666666666667	0	0	0	0
S84N	0	0	0	0	0	0	0	0	0	0	0	0.0233333333333333	0	0
S84N	0	0	0	0	0	0	0.01	0.00666666666666667	0	0	0	0	0	0
S84I	0	0	0	0	0.00333333333333333	0.0166666666666667	0	0	0	0	0	0	0	0
S84N	0	0	0	0	0	0	0.00333333333333333	0.00333333333333333	0	0	0	0	0	0
S84G	0	0	0	0	0	0.00333333333333333	0.04	0.0966666666666667	0.07	0.0133333333333333	0	0	0	0
G84S	0	0	0	0	0	0	0.00333333333333333	0.01	0.00333333333333333	0	0	0	0	0
G84S	0	0	0	0	0	0	0	0	0.00666666666666667	0	0	0	0	0
S84G	0	0	0	0	0	0	0	0.0166666666666667	0.0133333333333333	0	0	0	0	0
S84G	0	0	0	0	0	0.00666666666666667	0	0.00333333333333333	0	0	0	0	0	0
S84N	0	0	0.00666666666666667	0	0	0	0	0	0	0	0	0	0	0
S84I	0	0	0	0	0.00333333333333333	0.0266666666666667	0	0	0	0	0	0	0	0
S84N	0	0	0	0	0.01	0	0	0	0	0	0	0	0	0
S84N	0	0	0	0.00666666666666667	0	0	0	0	0	0	0	0	0	0
S84N	0	0	0.00666666666666667	0.0133333333333333	0.00666666666666667	0	0	0	0	0	0	0	0	0
S84T	0	0.00666666666666667	0	0	0	0	0	0	0	0	0	0	0	0
S85A	0	0	0	0	0	0	0	0.02	0	0	0	0	0	0
D86G	0	0	0	0	0	0	0	0	0.00333333333333333	0.01	0	0	0	0
D86G	0	0.0266666666666667	0.0166666666666667	0	0	0	0	0	0	0	0	0	0	0
D86N	0	0.00333333333333333	0.00333333333333333	0	0	0	0	0	0	0	0	0	0	0
D86N	0	0.00333333333333333	0.00333333333333333	0	0	0	0	0	0	0	0	0	0	0
D94N	0	0	0	0.00666666666666667	0	0	0	0	0	0	0	0	0	0
D94N	0	0	0	0	0.00333333333333333	0.0133333333333333	0	0	0	0	0	0	0	0
D94V	0	0	0	0.0133333333333333	0.00333333333333333	0.0166666666666667	0	0	0	0	0	0	0	0
D94N	0	0	0	0.0533333333333333	0	0	0	0	0	0	0	0	0	0
D94N	0	0.0133333333333333	0.00333333333333333	0	0	0	0	0	0	0	0	0	0	0
I96F	0	0	0	0	0	0	0	0	0	0.01	0	0	0	0
I96T	0	0	0.00666666666666667	0	0	0	0	0	0	0	0	0	0	0
I96T	0	0.00666666666666667	0	0	0	0	0	0	0	0	0	0	0	0
D97N	0	0.00333333333333333	0.00666666666666667	0.0733333333333333	0.47	0.34	0.26	0.346666666666667	0.836666666666667	0.963333333333333	1	0.99	0.993333333333333	1
N97D	0	0	0	0	0	0	0	0	0	0	0	0	0.00666666666666667	0
N97D	0	0	0	0	0	0	0	0	0.01	0	0	0	0	0
N97D	0	0	0	0	0.01	0.00666666666666667	0	0	0	0	0	0	0	0
D97N	0	0	0	0.00666666666666667	0.00333333333333333	0	0	0	0	0	0	0	0	0
D97N	0	0	0	0	0	0	0	0.00333333333333333	0.00666666666666667	0	0	0	0	0
D97N	0	0	0	0	0	0.00666666666666667	0	0	0	0	0	0	0	0
D97N	0	0	0	0	0	0	0	0	0.00666666666666667	0.00666666666666667	0	0	0	0
N97D	0	0	0	0	0	0	0	0	0	0.0133333333333333	0	0	0	0
D97N	0	0	0.1	0.0233333333333333	0	0	0	0	0	0	0	0	0	0
N97D	0	0	0.01	0.216666666666667	0.0366666666666667	0	0	0	0	0	0	0	0	0
D97N	0	0	0	0.01	0	0	0	0	0	0	0	0	0	0
R102K	0	0.00333333333333333	0.00333333333333333	0	0	0	0	0	0	0	0	0	0	0
Q104L	0	0	0	0.00666666666666667	0	0	0	0	0	0	0	0	0	0
V108L	0	0	0	0	0	0	0	0.00333333333333333	0.00666666666666667	0	0	0	0	0
V108L	0	0	0	0	0.00666666666666667	0	0	0	0	0	0	0	0	0
S110L	0	0	0.00666666666666667	0	0	0	0	0	0	0	0	0	0	0
E112K	0	0	0	0	0	0.0333333333333333	0	0	0	0	0	0	0	0
E112K	0	0	0	0	0	0.0266666666666667	0	0	0	0	0	0	0	0
E112K	0	0.01	0.01	0	0	0	0	0	0	0	0	0	0	0
E112K	0	0	0.00333333333333333	0.00666666666666667	0	0	0	0	0	0	0	0	0	0
R113K	0	0	0	0	0	0	0	0	0	0	0.00666666666666667	0	0	0
R113K	0	0	0	0	0	0	0	0	0	0	0	0	0.02	0
R113K	0	0	0	0	0	0	0	0	0	0.0166666666666667	0	0	0	0
R113K	0	0	0	0	0	0	0	0.01	0	0	0	0	0	0
R113K	0	0	0	0.00666666666666667	0	0	0	0	0	0	0	0	0	0
F114V	0	0	0	0	0	0	0	0.0133333333333333	0.00333333333333333	0.0133333333333333	0	0	0	0
F114L	0	0	0	0	0.00333333333333333	0	0.00333333333333333	0	0	0	0	0	0	0
I116M	0	0	0	0	0	0	0	0.00666666666666667	0.0466666666666667	0.02	0	0	0	0
I116M	0	0	0	0	0	0.00666666666666667	0.103333333333333	0	0	0	0	0	0	0
I116M	0	0.00333333333333333	0.00333333333333333	0.00333333333333333	0	0	0	0	0	0	0	0	0	0
I116M	0	0.00333333333333333	0.0133333333333333	0.01	0	0	0	0	0	0	0	0	0	0
F117S	0	0	0	0	0	0	0	0	0	0.00666666666666667	0	0	0	0
K119N	0	0	0	0	0	0	0	0.00666666666666667	0	0	0	0	0	0
K119E	0	0	0	0.00666666666666667	0	0	0	0.00666666666666667	0	0	0	0	0	0
K119N	0	0	0	0	0	0	0	0.01	0	0	0	0	0	0
K119N	0	0	0	0	0	0	0.00333333333333333	0	0	0	0	0	0	0
N119T	0	0	0	0	0	0	0	0.00666666666666667	0	0	0	0	0	0
T120A	0	0	0	0	0	0	0	0	0	0	0	0	0	0.0133333333333333
T120A	0	0	0	0	0	0	0	0	0	0	0	0	0	0.0566666666666667
T120A	0	0	0	0	0	0	0	0	0	0	0	0.00666666666666667	0	0
T120I	0	0	0	0	0.00666666666666667	0	0	0	0	0	0	0	0	0
T120P	0	0	0	0	0	0.01	0	0	0	0	0	0	0	0
T120I	0	0	0	0	0	0	0.00666666666666667	0	0	0	0	0	0	0
T120A	0	0	0	0	0	0	0	0	0.01	0	0	0	0	0
S121N	0	0	0	0	0	0	0	0	0	0	0	0.01	0	0
S121N	0	0	0	0	0	0	0	0	0	0	0.01	0	0	0
S121N	0	0	0	0	0	0	0	0	0	0	0.00666666666666667	0	0	0
S121N	0	0	0	0	0.01	0.00666666666666667	0	0	0	0	0	0	0	0
S121N	0	0	0	0.00333333333333333	0.00333333333333333	0	0	0	0	0	0	0	0	0
S121N	0	0	0	0	0	0.00666666666666667	0	0	0	0	0	0	0	0
S121I	0	0.00333333333333333	0	0	0.00666666666666667	0	0	0	0	0	0	0	0	0
N125S	0	0	0	0	0	0	0	0	0.0433333333333333	0.00333333333333333	0	0	0	0
S125N	0	0	0	0	0	0	0	0	0.0566666666666667	0	0	0	0	0
N125S	0	0	0	0	0	0	0	0	0.00333333333333333	0.0233333333333333	0	0	0	0
N125D	0	0	0	0	0	0	0	0	0.00666666666666667	0	0	0	0	0
N125D	0	0	0	0	0	0	0.00666666666666667	0	0	0	0	0	0	0
N125D	0	0	0	0	0	0	0	0.01	0	0	0	0	0	0
N125D	0	0	0	0	0	0.00666666666666667	0	0	0	0	0	0	0	0
N125D	0	0	0.01	0.236666666666667	0.0366666666666667	0	0	0	0	0	0	0	0	0
D127E	0	0	0	0	0	0	0	0	0	0	0	0	0	0.0166666666666667
D127E	0	0	0	0	0	0	0	0	0.00666666666666667	0	0	0	0	0
D127E	0	0	0	0	0	0.02	0	0	0	0	0	0	0	0
D127E	0	0	0	0	0	0	0.00666666666666667	0	0	0	0	0	0	0
D127E	0	0	0	0	0	0	0	0.01	0	0	0	0	0	0
D127E	0	0	0	0	0	0	0	0.0133333333333333	0	0	0	0	0	0
D127E	0	0	0	0	0	0	0	0.00666666666666667	0	0	0	0	0	0
S128P	0	0	0	0	0	0.01	0	0	0	0	0	0	0	0
S128P	0	0.01	0.03	0.0366666666666667	0.0166666666666667	0.06	0	0	0	0	0	0	0	0
P128L	0	0	0	0.0133333333333333	0	0	0	0	0	0	0	0	0	0
N129D	0	0	0	0	0	0	0	0	0	0	0	0	0.04	0.103333333333333
N129Y	0	0	0	0	0	0	0	0.00666666666666667	0	0	0	0	0	0
N129D	0	0	0	0	0.00666666666666667	0	0	0	0	0	0	0	0	0
N129T	0	0	0	0	0	0	0.00666666666666667	0	0	0	0	0	0	0
N129D	0	0	0	0	0	0	0	0.00666666666666667	0	0	0	0	0	0
N129D	0	0.00333333333333333	0	0	0	0	0.00333333333333333	0	0	0	0	0	0	0
K130R	0	0	0	0	0	0	0	0	0	0.01	0	0	0	0
V132E	0	0	0	0	0	0	0	0	0.00666666666666667	0	0	0	0	0
V132E	0	0	0	0	0	0	0	0	0.0133333333333333	0	0	0	0	0
T133R	0	0	0	0	0	0	0	0	0	0.02	0	0	0	0
A134T	0	0	0	0.07	0.08	0.00333333333333333	0.00333333333333333	0	0	0	0	0	0	0
T134A	0	0	0	0	0.00666666666666667	0	0	0	0	0	0	0	0	0
A135T	0	0	0	0	0	0	0	0	0	0	0	0	0	0.0566666666666667
P137S	0	0	0	0	0	0	0	0	0	0	0	0	0.00333333333333333	0.09
P137S	0	0	0	0	0	0	0	0	0	0	0	0	0.00666666666666667	0
P137S	0	0	0	0	0	0.00666666666666667	0	0	0	0	0	0	0	0
P137S	0	0.00666666666666667	0	0	0	0	0	0	0	0	0	0	0	0
H138Q	0	0	0	0	0	0	0	0	0	0.00333333333333333	0.0133333333333333	0	0	0
H138Q	0	0	0	0	0.09	0.0633333333333333	0.0433333333333333	0	0	0	0	0	0	0
H138R	0	0	0	0	0	0	0.02	0.106666666666667	0.0366666666666667	0.01	0	0	0	0
H138Q	0	0	0	0	0.01	0	0	0	0	0	0	0	0	0
H138Q	0	0	0	0	0	0	0	0	0.0133333333333333	0.00333333333333333	0	0	0	0
H138R	0	0	0	0	0	0	0	0.00333333333333333	0.00333333333333333	0	0	0	0	0
H138Q	0	0	0	0	0	0	0	0.00666666666666667	0.0133333333333333	0	0	0	0	0
A139D	0	0	0	0	0	0	0	0	0	0	0.00333333333333333	0.01	0	0
A139D	0	0	0	0	0	0	0	0	0	0.0366666666666667	0	0	0	0
A139D	0	0	0	0	0	0	0	0.01	0	0	0	0	0	0
A139D	0	0	0	0	0	0	0	0.01	0	0	0	0	0	0
A139V	0	0	0	0.00666666666666667	0	0	0	0	0	0	0	0	0	0
A139D	0	0	0	0.0133333333333333	0	0	0	0	0	0	0	0	0	0
A141E	0	0	0	0	0	0	0	0	0	0	0.00666666666666667	0	0	0
A141T	0	0	0	0	0	0	0	0	0.01	0	0	0	0	0
A141T	0	0	0	0	0	0	0	0	0.0433333333333333	0.00333333333333333	0	0	0	0
A141V	0	0	0	0	0	0.00666666666666667	0	0	0	0	0	0	0	0
A141S	0	0	0	0.00666666666666667	0	0	0	0	0	0	0	0	0	0
A141S	0	0	0	0	0	0	0.00333333333333333	0.00333333333333333	0	0	0	0	0	0
A141S	0	0	0	0	0.02	0	0	0	0	0	0	0	0	0
A141E	0	0	0	0	0.0133333333333333	0.00333333333333333	0	0	0	0	0	0	0	0
K142R	0	0	0	0	0	0	0	0	0	0	0	0.0233333333333333	0.01	0.0566666666666667
K142R	0	0	0	0.00666666666666667	0	0	0	0	0	0	0	0	0	0
S143G	0	0	0	0	0	0	0	0	0	0	0	0.02	0	0
S143G	0	0	0	0	0	0.02	0	0	0	0	0	0	0	0
S143G	0	0	0.00333333333333333	0.03	0.173333333333333	0.46	0.716666666666667	0.62	0.12	0.0133333333333333	0	0	0	0
S143G	0	0	0	0	0.01	0	0	0	0	0	0	0	0	0
S143N	0	0	0.00666666666666667	0	0	0	0	0	0	0	0	0	0	0
K146R	0	0	0	0	0	0	0	0	0	0	0	0	0.01	0
K146E	0	0	0	0	0	0	0.00666666666666667	0	0	0	0	0	0	0
K146E	0	0	0	0	0	0	0.0233333333333333	0	0.00333333333333333	0	0	0	0	0
K146N	0	0	0	0	0.00666666666666667	0.0133333333333333	0	0	0	0	0	0	0	0
I149V	0	0	0	0	0	0	0	0	0	0	0	0	0	0.0333333333333333
I149V	0	0	0	0	0	0	0	0	0	0	0	0	0	0.0566666666666667
I149V	0	0	0	0	0	0	0	0	0	0	0	0	0.0133333333333333	0
V152T	0	0	0	0	0	0	0	0	0	0	0	0	0	0.04
V152I	0	0	0	0	0	0	0.01	0	0	0	0	0	0	0
V152I	0	0	0.00666666666666667	0	0	0	0	0	0	0	0	0	0	0
K153E	0	0	0	0	0	0	0	0.01	0	0	0	0	0	0
K154R	0	0	0	0	0	0	0.0166666666666667	0	0	0	0	0	0	0
G155E	0	0	0	0	0.00666666666666667	0	0	0	0	0	0	0	0	0
G155E	0	0	0	0	0	0	0.00666666666666667	0	0	0	0	0	0	0
G155E	0	0.00666666666666667	0	0	0	0	0	0	0	0	0	0	0	0
G155E	0	0.00666666666666667	0	0	0	0	0	0	0	0	0	0	0	0
N156D	0	0	0	0	0	0	0	0.01	0	0	0	0	0	0
N156I	0	0	0	0.00666666666666667	0	0	0	0	0	0	0	0	0	0
S157P	0	0	0	0	0	0	0	0.01	0	0	0	0	0	0
P159Q	0	0	0	0	0	0	0	0	0.01	0	0	0	0	0
P159L	0	0	0	0	0	0	0	0.01	0	0	0	0	0	0
P159Q	0	0	0	0.00666666666666667	0	0	0	0	0	0	0	0	0	0
K160Y	0	0	0	0	0	0	0	0	0	0	0	0.0233333333333333	0	0
K160N	0	0	0	0	0	0	0	0.00666666666666667	0	0	0	0	0	0
L161I	0	0	0	0	0	0	0	0	0	0	0.00666666666666667	0	0	0
L161I	0	0	0	0	0	0	0.00333333333333333	0.01	0.01	0	0	0	0	0
S162R	0	0	0	0	0	0	0	0	0	0	0.0266666666666667	0.0133333333333333	0	0
S162N	0	0	0	0	0	0	0	0	0	0	0	0	0	0.126666666666667
S162N	0	0	0	0	0	0	0	0	0	0.00666666666666667	0	0	0	0
S162R	0	0	0	0	0	0	0	0	0	0.02	0	0	0	0
S162N	0	0	0	0	0	0	0	0	0	0.01	0	0	0	0
S162N	0	0	0	0	0	0	0	0.0166666666666667	0	0	0	0	0	0
S162N	0	0	0	0	0	0	0.01	0.00666666666666667	0	0	0	0	0	0
S162I	0	0	0	0	0	0	0.00666666666666667	0	0	0	0	0	0	0
S162N	0	0	0	0.00333333333333333	0.00333333333333333	0	0	0	0	0	0	0	0	0
S162N	0	0	0.00666666666666667	0	0	0	0	0	0	0	0	0	0	0
S162N	0	0	0.00666666666666667	0.0366666666666667	0.0366666666666667	0.0166666666666667	0	0	0	0	0	0	0	0
S162N	0	0	0.00333333333333333	0.00333333333333333	0	0	0	0	0	0	0	0	0	0
K163Q	0	0	0	0	0	0	0	0	0.08	0.553333333333333	0.983333333333333	0.99	0.976666666666667	0.89
Q163K	0	0	0	0	0	0	0	0	0	0	0	0	0	0.0833333333333333
Q163K	0	0	0	0	0	0	0	0	0	0	0.00666666666666667	0	0	0
K163I	0	0	0	0	0	0	0	0	0.02	0	0	0	0	0
K163I	0	0	0	0	0	0	0	0	0.00666666666666667	0.0366666666666667	0	0	0.00333333333333333	0
K163E	0	0	0	0	0	0	0	0	0	0.0533333333333333	0	0	0	0
K163N	0	0	0	0	0	0	0	0	0.00333333333333333	0.0433333333333333	0.00666666666666667	0	0	0
K163E	0	0	0	0	0	0	0.00333333333333333	0.0433333333333333	0	0	0	0	0	0
E163K	0	0	0	0	0	0	0	0.0166666666666667	0	0	0	0	0	0
K163Q	0	0	0	0	0	0	0	0.00666666666666667	0	0	0	0	0	0
K163N	0	0	0	0	0	0	0	0.01	0	0	0	0	0	0
K163I	0	0	0	0	0	0	0.00666666666666667	0.0166666666666667	0.0566666666666667	0.01	0	0	0	0
K163N	0	0	0	0	0	0.01	0	0	0	0	0	0	0	0
K163I	0	0	0	0	0	0.0133333333333333	0	0	0	0	0	0	0	0
K163Q	0	0	0	0	0	0	0	0	0	0.0133333333333333	0	0	0	0
K163N	0	0	0	0.0133333333333333	0	0	0	0	0	0	0	0	0	0
K163T	0	0	0	0.02	0.01	0.06	0	0	0	0	0	0	0	0
T163K	0	0	0	0.00666666666666667	0	0	0	0	0	0	0	0	0	0
K163N	0	0	0.00333333333333333	0.00333333333333333	0	0	0	0	0	0	0	0	0	0
K163N	0	0	0	0.00333333333333333	0.00333333333333333	0	0	0	0	0	0	0	0	0
S164F	0	0	0	0	0	0.00333333333333333	0.00333333333333333	0	0	0	0	0	0	0
I166V	0	0	0	0	0	0	0	0.01	0	0	0	0	0	0
I166F	0	0	0	0.00666666666666667	0	0	0	0	0	0	0	0	0	0
D168E	0	0	0	0	0	0	0	0	0	0.00666666666666667	0	0	0	0
D168N	0	0	0	0	0	0	0	0	0	0	0	0	0.0133333333333333	0
D168E	0	0	0	0	0	0	0	0	0	0.01	0	0	0	0
K169R	0	0	0	0	0	0	0	0	0	0.00666666666666667	0	0	0	0
G170R	0	0	0	0	0	0	0	0	0	0	0	0.0166666666666667	0	0
G170R	0	0	0	0	0	0	0	0	0	0.01	0	0	0	0
G170R	0	0	0	0	0	0	0	0.01	0	0	0	0	0	0
G170R	0	0	0	0	0	0	0	0	0.00666666666666667	0	0	0	0	0
G170R	0	0	0	0.00666666666666667	0.00666666666666667	0	0	0	0	0	0	0	0	0
G170E	0	0	0	0	0	0.00666666666666667	0	0	0	0	0	0	0	0
K171R	0	0	0	0	0	0	0	0	0	0	0.00666666666666667	0	0	0
K171R	0	0	0	0	0	0	0	0	0	0	0	0.0233333333333333	0	0
K171R	0	0	0	0	0.00666666666666667	0	0	0	0	0	0	0	0	0
E172K	0	0	0	0	0	0	0	0	0	0	0	0.0266666666666667	0	0
E172K	0	0	0	0.00333333333333333	0.00333333333333333	0	0	0	0	0	0	0	0	0
E172K	0	0	0	0	0	0.00666666666666667	0	0	0	0	0	0	0	0
V173I	0	0	0	0	0	0	0	0	0	0	0	0	0.00666666666666667	0
V173I	0	0	0	0	0	0	0	0	0	0	0	0	0	0.04
V173I	0	0	0	0	0	0	0	0	0	0	0.00666666666666667	0.0166666666666667	0	0
V173I	0	0	0	0	0	0	0	0	0	0	0.00666666666666667	0	0	0
V173I	0	0	0	0	0	0	0	0	0.0166666666666667	0	0	0	0	0
L176I	0	0	0	0	0	0	0	0	0.00666666666666667	0	0	0	0	0
I179V	0	0.00333333333333333	0.00333333333333333	0	0	0	0	0	0	0	0	0	0	0
P182Q	0	0	0	0	0	0	0	0	0.00666666666666667	0	0	0	0	0.0266666666666667
S183P	0	0	0	0	0	0	0	0	0	0	0	0	0.04	0
S183P	0	0	0	0	0	0	0	0	0	0	0	0.01	0	0
S183P	0	0	0	0	0	0	0	0	0.0166666666666667	0	0	0	0	0
S183P	0	0	0	0	0	0	0	0	0	0.00666666666666667	0	0	0	0
S183N	0	0	0	0	0	0	0	0	0.00666666666666667	0	0	0	0	0.0266666666666667
S183T	0	0	0.00333333333333333	0	0	0.00333333333333333	0	0	0	0	0	0	0	0
S183P	0	0	0	0	0.00666666666666667	0.00333333333333333	0	0	0	0	0	0	0	0
S183P	0	0	0	0	0	0	0	0.02	0	0	0	0	0	0
S183P	0	0	0	0.07	0.0866666666666667	0.00333333333333333	0.00333333333333333	0	0	0	0	0	0	0
S183P	0	0	0.00333333333333333	0.00666666666666667	0	0	0	0	0	0	0	0	0	0
T184S	0	0	0	0	0	0	0	0	0.00666666666666667	0	0	0	0	0.0266666666666667
T184N	0	0	0	0	0	0	0.0166666666666667	0	0	0	0	0	0	0
T184N	0	0	0	0	0	0.00666666666666667	0	0	0	0	0	0	0	0
S185T	0	0	0.00666666666666667	0.22	0.62	0.69	0.913333333333333	0.97	0.963333333333333	0.98	1	0.99	1	0.973333333333333
T185S	0	0.00333333333333333	0.00333333333333333	0	0	0	0	0	0	0	0	0	0	0
T185R	0	0	0	0	0	0	0	0	0.00666666666666667	0	0	0	0	0.0266666666666667
T185S	0	0	0	0	0	0	0	0	0.00666666666666667	0	0	0	0	0
T185S	0	0	0	0.0233333333333333	0.14	0.16	0.0733333333333333	0.01	0	0	0	0	0	0
S185T	0	0	0	0	0	0.02	0	0	0	0	0	0	0	0
S185T	0	0	0	0	0.00666666666666667	0	0	0	0	0	0	0	0	0
T185I	0	0	0	0	0	0	0	0	0.00666666666666667	0	0	0	0	0
T185I	0	0	0	0	0.00666666666666667	0	0	0	0	0	0	0	0	0
T185S	0	0	0	0	0	0.00666666666666667	0	0	0	0	0	0	0	0
T185S	0	0	0	0	0	0	0	0	0.00666666666666667	0.02	0	0	0	0
S185T	0	0	0	0	0.00666666666666667	0	0	0	0	0	0	0	0	0
S185I	0	0	0	0	0.00666666666666667	0	0	0	0	0	0	0	0	0
S185N	0	0.00666666666666667	0	0	0	0	0	0	0	0	0	0	0	0
A186T	0	0	0	0	0	0	0	0	0	0	0	0.00666666666666667	0	0
A186T	0	0	0	0	0	0	0	0	0	0	0.0333333333333333	0.0133333333333333	0	0
A186T	0	0	0	0	0	0	0	0	0.00333333333333333	0	0	0	0.00666666666666667	0
A186T	0	0	0	0	0	0	0	0	0	0.01	0	0	0	0
A186T	0	0	0	0	0	0	0	0	0.07	0.00333333333333333	0	0	0	0
A186T	0	0	0	0	0	0	0	0	0.00666666666666667	0.00333333333333333	0	0	0	0
A186T	0	0	0	0	0.0133333333333333	0.01	0	0	0	0	0	0	0	0
A186G	0	0	0.00333333333333333	0	0	0.00333333333333333	0	0	0	0	0	0	0	0
A186T	0	0	0.0166666666666667	0.0466666666666667	0.0433333333333333	0.0433333333333333	0.00333333333333333	0.0133333333333333	0	0	0	0	0	0
A186T	0	0.00333333333333333	0.00333333333333333	0	0	0	0	0	0	0	0	0	0	0
D187H	0	0	0	0	0	0	0	0	0.00666666666666667	0	0	0	0	0.0266666666666667
D187G	0	0	0	0	0	0	0.00666666666666667	0	0	0	0	0	0	0
S190R	0	0	0	0	0	0	0	0.01	0	0	0	0	0	0
L191I	0	0	0	0	0	0	0	0	0	0	0	0	0	0.03
L191I	0	0	0	0	0	0	0	0	0	0.01	0	0	0	0
L191I	0	0	0	0	0	0	0.00666666666666667	0	0	0	0	0	0	0
N194D	0	0	0	0	0	0	0	0.00666666666666667	0	0	0	0	0	0
N194S	0	0	0	0	0	0	0	0	0.01	0	0	0	0	0
A195T	0	0	0	0	0	0	0	0	0.00666666666666667	0	0	0	0	0
A195V	0	0	0	0	0	0	0	0	0.01	0	0	0	0	0
D196N	0	0	0	0	0	0	0	0	0	0.00666666666666667	0	0	0	0
D196E	0	0	0	0.00666666666666667	0	0	0	0	0	0	0	0	0	0
A197T	0	0	0	0	0	0	0.00666666666666667	0	0	0	0	0	0	0
A197T	0	0	0	0	0	0.02	0	0	0	0	0	0	0	0
A197G	0	0	0.00333333333333333	0	0	0.00333333333333333	0	0	0	0	0	0	0	0
A197T	0	0	0.00333333333333333	0.1	0.236666666666667	0.473333333333333	0.71	0.633333333333333	0.13	0.0133333333333333	0	0	0	0
T197A	0	0	0	0	0	0	0.0133333333333333	0	0	0	0	0	0	0
T197A	0	0	0	0	0	0.00666666666666667	0	0	0	0	0	0	0	0
A197T	0	0.00666666666666667	0	0	0	0	0	0	0	0	0	0	0	0
A197S	0	0.00333333333333333	0.00333333333333333	0	0	0	0	0	0	0	0	0	0	0
A197T	0	0.00666666666666667	0.00666666666666667	0	0	0	0	0	0	0	0	0	0	0
T197A	0	0.0233333333333333	0	0	0	0	0	0	0	0	0	0	0	0
A197T	0	0.00333333333333333	0.00333333333333333	0	0	0	0	0	0	0	0	0	0	0
A197T	0	0	0.00333333333333333	0.0133333333333333	0.00666666666666667	0	0	0	0	0	0	0	0	0
A197S	0	0	0.0166666666666667	0	0	0	0	0	0	0	0	0	0	0
A197T	0	0.00666666666666667	0	0	0	0	0	0	0	0	0	0	0	0
V199I	0	0	0	0	0	0	0	0	0.0166666666666667	0.00333333333333333	0	0	0	0
V199A	0	0	0	0.03	0.01	0.06	0	0	0	0	0	0	0	0
F200L	0	0	0	0	0	0.00666666666666667	0	0	0	0	0	0	0	0
F200S	0	0	0	0	0	0.00333333333333333	0.00333333333333333	0	0	0	0	0	0	0
V201M	0	0	0	0	0	0	0	0.01	0	0	0	0	0	0
G202W	0	0	0	0	0	0	0	0	0	0.01	0	0	0	0
G202W	0	0	0	0	0	0	0	0.00666666666666667	0	0	0	0	0	0
G202E	0	0	0	0	0	0.0133333333333333	0	0	0	0	0	0	0	0
G202E	0	0	0	0	0	0.00333333333333333	0.00333333333333333	0	0	0	0	0	0	0
G202E	0	0	0	0	0	0.00666666666666667	0	0	0	0	0	0	0	0
S203T	0	0.706666666666667	0.966666666666667	0.983333333333333	1	1	0.996666666666667	0.993333333333333	0.983333333333333	1	1	0.99	1	1
T203S	0	0	0	0	0	0	0	0	0.00666666666666667	0	0	0	0	0
T203S	0	0.00666666666666667	0	0	0	0	0	0.00666666666666667	0	0	0	0	0	0
S204T	0	0	0.00333333333333333	0	0	0.00333333333333333	0	0	0	0	0	0	0	0
S204P	0	0	0	0.00666666666666667	0	0	0	0	0	0	0	0	0	0
R205K	0	0	0	0	0	0	0	0	0	0.01	0	0	0	0
R205K	0	0	0	0	0	0	0	0.00666666666666667	0.0466666666666667	0.02	0	0	0	0
R205K	0	0	0	0	0.0133333333333333	0	0	0	0	0	0	0	0	0
R205K	0	0	0	0.0233333333333333	0.146666666666667	0.18	0.0733333333333333	0.01	0.00666666666666667	0	0	0	0	0
K205R	0	0	0	0	0	0	0.02	0.106666666666667	0.03	0.01	0	0	0	0
R205K	0	0	0	0	0	0	0	0.01	0	0	0	0	0	0
R205K	0	0	0	0	0	0	0.00666666666666667	0	0	0	0	0	0	0
R205K	0	0	0	0.00666666666666667	0	0	0	0	0	0	0	0	0	0
R205K	0	0.01	0	0	0	0.00666666666666667	0	0	0	0	0	0	0	0
R205K	0	0.01	0	0.00666666666666667	0	0	0	0	0	0	0	0	0	0
R205K	0	0.00666666666666667	0	0	0	0	0	0	0	0	0	0	0	0
K205R	0	0.04	0.02	0.0133333333333333	0	0	0	0	0	0	0	0	0	0
Y206H	0	0	0	0	0	0	0	0.01	0	0	0	0	0	0
Y206H	0	0	0	0	0	0.00333333333333333	0.00333333333333333	0	0	0	0	0	0	0
K208R	0	0	0	0	0	0	0	0	0	0	0.0133333333333333	0.0233333333333333	0	0
E213V	0	0	0	0	0	0	0	0	0.00666666666666667	0	0	0	0	0
A215E	0	0	0	0	0	0	0	0	0	0.00666666666666667	0	0	0	0
A215T	0	0	0	0	0	0	0	0	0	0.01	0	0	0	0
A215V	0	0	0	0	0	0	0	0.01	0	0	0	0	0	0
A215T	0	0	0	0	0	0.0133333333333333	0	0	0	0	0	0	0	0
A215G	0	0	0.00333333333333333	0	0	0.00333333333333333	0	0	0	0	0	0	0	0
A215T	0	0	0	0	0	0	0	0.01	0	0	0	0	0	0
A215T	0	0	0	0	0	0	0.0133333333333333	0.0133333333333333	0	0	0	0	0	0
A215T	0	0	0	0	0	0.0133333333333333	0	0	0	0	0	0	0	0
A215E	0	0	0	0	0	0	0	0.0133333333333333	0	0	0	0	0	0
I216T	0	0	0	0	0	0	0	0	0	0	0	0	0	0.126666666666667
I216V	0	0	0	0.0233333333333333	0.146666666666667	0.18	0.07	0.01	0	0	0	0	0	0
I216T	0	0	0	0	0	0	0.0966666666666667	0.05	0	0	0	0	0	0
I216M	0	0	0	0	0	0	0.00666666666666667	0	0	0	0	0	0	0
I216T	0	0	0	0	0	0.00666666666666667	0.00333333333333333	0	0	0	0	0	0	0
I216V	0	0	0	0.00333333333333333	0.00333333333333333	0.0166666666666667	0	0	0	0	0	0	0	0
I216V	0	0.01	0	0	0	0.00666666666666667	0	0	0	0	0	0	0	0
I216T	0	0	0	0.00666666666666667	0	0	0	0	0	0	0	0	0	0
V220L	0	0	0	0.01	0	0	0	0	0	0	0	0	0	0
R221K	0	0	0.00333333333333333	0	0	0.00333333333333333	0	0	0	0	0	0	0	0
R221K	0	0	0	0	0	0	0.01	0	0	0	0	0	0	0
D222G	0	0	0	0	0	0	0	0	0	0	0	0	0.02	0
D222G	0	0	0	0	0	0	0	0	0	0	0	0	0.0266666666666667	0
D222G	0	0	0	0	0	0	0	0	0	0	0	0.0166666666666667	0	0
D222N	0	0	0	0	0	0	0	0	0	0	0	0	0.01	0
D222G	0	0	0	0	0	0	0	0	0	0	0	0.01	0	0
D222G	0	0	0	0	0	0	0	0	0	0	0.00666666666666667	0	0	0
D222E	0	0	0	0	0	0	0	0	0	0	0	0.0133333333333333	0	0
D222N	0	0	0	0	0	0	0	0	0	0	0.00666666666666667	0	0	0
D222G	0	0	0	0	0	0	0	0	0	0.0133333333333333	0	0	0	0
D222N	0	0	0	0	0	0	0	0	0	0.0366666666666667	0	0.0133333333333333	0	0
D222G	0	0	0	0	0	0	0	0.01	0.00333333333333333	0	0	0	0	0
D222N	0	0	0	0	0	0	0	0.01	0	0	0	0	0	0
D222G	0	0	0	0	0	0	0	0	0	0.00666666666666667	0	0	0	0
D222G	0	0	0	0	0.02	0	0	0	0	0	0	0	0	0
D222G	0	0	0	0	0	0	0	0.0133333333333333	0	0	0	0	0	0
D222G	0	0	0	0.00333333333333333	0.00333333333333333	0	0	0	0	0	0	0	0	0
G222D	0	0	0	0.0133333333333333	0	0	0	0.00666666666666667	0	0	0	0	0	0
D222G	0	0	0	0	0	0	0	0.0133333333333333	0	0	0	0	0	0
D222G	0	0	0	0	0	0	0.00333333333333333	0.00666666666666667	0	0	0	0	0	0
D222G	0	0	0	0	0	0	0	0.02	0	0	0	0	0	0
D222G	0	0	0	0	0	0	0	0	0	0.00666666666666667	0	0	0	0
D222G	0	0.00333333333333333	0.00333333333333333	0	0.00333333333333333	0	0	0	0	0	0	0	0	0
D222E	0	0	0.0133333333333333	0	0	0	0	0	0	0	0	0	0	0
D222G	0	0	0.00666666666666667	0	0	0	0	0	0	0	0	0	0	0
D222G	0	0	0.00666666666666667	0	0	0	0	0	0	0	0	0	0	0
D222G	0	0	0	0	0.00666666666666667	0	0	0	0	0	0	0	0	0
D222G	0	0	0.00666666666666667	0	0	0	0	0	0	0	0	0	0	0
D222N	0	0	0	0	0.0133333333333333	0	0	0	0	0	0	0	0	0
D222G	0	0	0	0.00666666666666667	0	0	0	0	0	0	0	0	0	0
D222E	0	0.06	0.08	0.00666666666666667	0	0	0.00333333333333333	0	0	0	0	0	0	0
E222G	0	0.01	0	0	0	0	0	0	0	0	0	0	0	0
D222E	0	0	0.01	0	0	0	0	0	0	0	0	0	0	0
D222G	0	0.00666666666666667	0	0	0	0	0	0	0	0	0	0	0	0
Q223R	0	0	0	0	0	0	0	0	0	0	0	0.03	0	0
Q223R	0	0	0	0	0	0	0	0	0.00333333333333333	0.00333333333333333	0	0	0	0
R223Q	0	0	0	0	0	0	0	0	0	0.01	0	0	0	0
Q223R	0	0	0	0	0	0	0	0	0	0.00666666666666667	0	0	0	0
Q223R	0	0	0	0	0	0	0	0	0.01	0.01	0	0	0	0
R223Q	0	0	0	0	0	0	0	0	0	0.0266666666666667	0.00666666666666667	0	0	0
Q223R	0	0	0	0	0	0	0	0	0	0.00666666666666667	0	0	0	0
R223Q	0	0	0	0	0	0	0	0	0.00666666666666667	0.01	0	0	0	0
Q223R	0	0	0	0	0.00666666666666667	0	0	0	0	0	0	0	0	0
Q223R	0	0	0	0	0	0	0	0	0.00333333333333333	0.00333333333333333	0	0	0	0
Q223R	0	0	0	0	0	0	0.0233333333333333	0	0	0	0	0	0	0
Q223R	0	0	0	0	0	0.0166666666666667	0	0	0	0	0	0	0	0
Q223R	0	0	0	0	0	0	0	0	0.00666666666666667	0	0	0	0	0
Q223R	0	0.00666666666666667	0.00333333333333333	0	0	0	0	0	0	0	0	0	0	0
R223Q	0	0.01	0.0266666666666667	0.05	0.0166666666666667	0.06	0	0	0	0	0	0	0	0
Q223R	0.634551495016611	0	0	0	0	0	0	0	0	0	0	0	0	0
Q223R	0	0	0	0.00333333333333333	0	0	0	0	0.01	0	0	0	0	0
E224G	0	0	0	0	0	0	0	0	0.01	0	0	0	0	0
N228D	0	0	0	0	0	0	0	0	0.00666666666666667	0	0	0	0	0.0266666666666667
N228S	0	0	0	0	0	0	0	0.0133333333333333	0	0	0	0	0	0
Y230H	0	0	0	0.00666666666666667	0	0	0	0	0	0	0	0	0	0
Y230H	0	0	0.01	0.0166666666666667	0	0	0	0	0	0	0	0	0	0
T232I	0	0	0	0	0	0	0	0	0	0	0	0.00666666666666667	0	0
V234I	0	0	0	0	0	0	0	0	0	0.01	0	0	0	0
V234I	0	0	0	0	0	0	0	0.0166666666666667	0.696666666666667	0.386666666666667	0.01	0	0.02	0.0266666666666667
I234V	0	0.00333333333333333	0.00333333333333333	0	0	0	0	0	0.00333333333333333	0	0	0	0.00333333333333333	0
V234I	0	0	0	0	0	0	0.0133333333333333	0	0	0	0	0	0	0
V234L	0	0	0	0	0	0	0	0.0166666666666667	0	0	0	0	0	0
V234I	0	0	0	0	0	0	0	0	0	0.00666666666666667	0	0	0	0
V234I	0	0	0	0	0	0.00666666666666667	0	0	0	0	0	0	0	0
V234I	0	0	0	0	0	0	0	0	0.00666666666666667	0	0	0	0	0
V234L	0	0	0	0.00666666666666667	0	0	0	0	0	0	0	0	0	0
V234I	0	0.00333333333333333	0.00333333333333333	0	0	0	0	0	0	0	0	0	0	0
I234V	0	0.00333333333333333	0.00333333333333333	0	0	0	0	0	0	0	0	0	0	0
E235K	0	0	0	0	0	0	0	0	0	0	0.0133333333333333	0	0	0
P236S	0	0	0	0	0	0.0133333333333333	0	0	0	0	0	0	0	0
D238E	0	0	0	0	0	0.01	0	0	0	0	0	0	0	0
T241I	0	0.01	0	0	0	0	0	0	0	0	0	0	0	0
V249L	0	0	0	0.0233333333333333	0.146666666666667	0.18	0.0933333333333333	0.116666666666667	0.0366666666666667	0.01	0	0	0	0
V249L	0	0	0	0	0.00666666666666667	0	0	0	0	0	0	0	0	0
V249L	0	0.0133333333333333	0	0	0	0.00666666666666667	0	0	0	0	0	0	0	0
V250A	0	0	0	0	0	0	0	0	0	0	0.00666666666666667	0	0	0
V250A	0	0	0	0	0	0	0	0	0	0	0	0.0233333333333333	0	0
V250A	0	0	0	0	0	0	0	0	0	0.01	0	0	0	0
V250A	0	0	0	0.0533333333333333	0	0	0	0	0	0	0	0	0	0
R252I	0	0	0	0.00666666666666667	0	0	0	0	0	0	0	0	0	0
A256T	0	0	0	0	0	0	0	0.02	0.0866666666666667	0.543333333333333	0.99	0.973333333333333	0.976666666666667	0.973333333333333
T256A	0	0	0	0	0	0	0	0	0	0.01	0	0	0	0
T256A	0	0	0	0	0	0	0	0	0	0	0	0.0166666666666667	0	0
A256T	0	0	0	0	0	0	0	0	0	0.0133333333333333	0	0	0	0
A256T	0	0	0	0	0	0	0	0	0	0.0133333333333333	0	0	0	0
A256V	0	0	0	0	0	0	0.00666666666666667	0	0	0	0	0	0	0
A256V	0	0	0	0	0	0.00666666666666667	0.00333333333333333	0	0	0	0	0	0	0
A256S	0	0	0.00666666666666667	0	0	0	0	0	0	0	0	0	0	0
A256T	0	0	0	0	0.0133333333333333	0	0	0	0	0	0	0	0	0
M257V	0	0	0	0	0	0	0	0	0	0	0	0	0.01	0
M257I	0	0	0	0	0	0	0	0	0	0.00666666666666667	0	0	0	0
M257I	0	0	0	0.00666666666666667	0	0	0	0	0	0	0	0	0	0
M257I	0	0	0	0	0.0133333333333333	0	0	0	0	0	0	0	0	0
E258G	0	0	0	0	0	0	0	0	0	0	0	0.0333333333333333	0	0
E258K	0	0.00333333333333333	0	0	0.00666666666666667	0	0	0	0	0	0	0	0	0
E258V	0	0.0133333333333333	0	0	0	0	0	0	0	0	0	0	0	0
R259K	0	0	0	0	0	0	0	0	0	0	0	0.01	0	0
R259K	0	0	0	0	0	0	0	0	0	0	0	0	0.0133333333333333	0
N260S	0	0	0	0	0	0	0	0	0	0.0533333333333333	0.00666666666666667	0	0	0
N260H	0	0	0	0	0	0	0	0.00666666666666667	0	0	0	0	0	0
N260T	0	0	0	0	0	0	0.00333333333333333	0.09	0	0	0	0	0	0
N260D	0	0	0	0	0.01	0.0233333333333333	0.63	0.42	0.02	0	0	0	0	0
N260D	0	0	0	0.00333333333333333	0	0	0	0.00666666666666667	0	0	0	0	0	0
N260M	0	0	0	0.00666666666666667	0	0	0	0	0	0	0	0	0	0
N260D	0	0	0	0	0	0	0	0.01	0	0	0	0	0	0
N260D	0	0.00666666666666667	0	0	0	0	0	0	0	0	0	0	0	0
A261T	0	0	0	0	0	0	0	0	0	0	0	0.0133333333333333	0	0
A261T	0	0	0	0	0	0	0	0.01	0	0	0	0	0	0
A261E	0	0	0	0	0	0.00666666666666667	0	0	0	0	0	0	0	0
G262E	0	0	0	0	0	0	0	0	0.01	0	0	0	0	0
G262A	0	0	0	0	0	0	0	0	0	0.00666666666666667	0	0	0	0
S263F	0	0	0	0	0	0	0	0	0	0.00666666666666667	0	0	0	0
S263T	0	0	0	0	0	0	0	0	0	0	0	0.01	0	0
S263F	0	0	0	0	0	0	0.00666666666666667	0	0	0	0	0	0	0
G264D	0	0	0	0	0	0.01	0	0	0	0	0	0	0	0
I266F	0	0	0	0	0	0	0	0.00333333333333333	0.00666666666666667	0	0	0	0	0
I266V	0	0	0	0.00666666666666667	0	0	0	0	0	0	0	0	0	0
I267V	0	0	0	0	0	0	0	0	0	0	0.00666666666666667	0	0	0
S268P	0	0	0	0	0	0	0	0	0.00333333333333333	0.01	0	0	0	0
D269N	0	0	0	0	0	0	0	0.00333333333333333	0.00666666666666667	0	0	0	0	0
T270A	0	0	0	0	0	0.00666666666666667	0	0	0	0	0	0	0	0
P271S	0	0	0	0	0	0	0	0	0	0	0	0.01	0	0
P271S	0	0	0	0	0	0	0	0	0.01	0.00666666666666667	0	0	0	0
P271S	0	0	0	0	0.00666666666666667	0	0	0	0	0	0	0	0	0
P271T	0	0	0	0	0	0	0.0233333333333333	0.0566666666666667	0	0	0	0	0	0
P271S	0	0	0	0.0266666666666667	0.01	0.06	0	0	0	0	0	0	0	0
V272I	0	0	0	0	0	0	0	0	0	0	0	0	0.00666666666666667	0
V272A	0	0	0	0	0	0	0	0	0	0.03	0	0	0	0
V272I	0	0	0	0	0	0	0	0	0	0.00666666666666667	0	0	0	0
V272I	0	0	0	0	0	0	0	0.00666666666666667	0	0	0	0	0	0
V272I	0	0	0	0	0	0.0166666666666667	0	0	0	0	0	0	0	0
V272A	0	0	0	0	0	0	0	0.0166666666666667	0	0	0	0	0	0
V272I	0	0	0	0	0	0.00666666666666667	0	0	0	0	0	0	0	0
V272F	0	0	0	0.00666666666666667	0	0	0	0	0	0	0	0	0	0
V272A	0	0	0	0.00333333333333333	0.00333333333333333	0	0	0	0	0	0	0	0	0
V272I	0	0	0	0.02	0.0366666666666667	0.0166666666666667	0	0	0	0	0	0	0	0
V272A	0	0	0	0	0.00666666666666667	0.0266666666666667	0.00333333333333333	0.0133333333333333	0	0	0	0	0	0
V272I	0	0.00333333333333333	0.00333333333333333	0	0	0	0	0	0	0	0	0	0	0
H273R	0	0	0	0	0	0	0	0	0	0	0.00666666666666667	0	0	0
H273N	0	0	0	0	0	0	0	0	0	0	0	0.04	0	0
H273Q	0	0	0	0	0	0	0	0	0	0	0	0	0.0133333333333333	0
H273N	0	0	0	0	0	0	0	0	0	0	0	0	0.01	0
H273Y	0	0	0	0	0	0	0	0	0	0.0133333333333333	0.00666666666666667	0	0	0
H273Y	0	0	0	0	0.00666666666666667	0	0	0	0	0	0	0	0	0
H273Q	0	0	0	0	0	0.00666666666666667	0	0	0	0	0	0	0	0
H273N	0	0	0	0	0	0.00666666666666667	0	0	0	0	0	0	0	0
H273Q	0	0	0	0	0	0	0	0.01	0	0	0	0	0	0
H273N	0	0	0.01	0	0	0	0	0	0	0	0	0	0	0
D274N	0	0	0	0	0	0	0	0	0	0.00666666666666667	0	0	0	0
D274N	0	0	0	0	0	0	0	0	0	0	0	0.0233333333333333	0	0
D274N	0	0	0	0	0	0	0	0	0	0.01	0	0	0	0
D274N	0	0	0	0	0	0	0	0	0.00666666666666667	0	0	0	0	0
D274N	0	0	0.00666666666666667	0	0	0	0	0	0	0	0	0	0	0
T277A	0	0	0	0.0633333333333333	0	0	0	0	0	0	0	0	0	0
K283E	0	0	0	0	0	0.00666666666666667	0.00666666666666667	0.0566666666666667	0.06	0.546666666666667	0.986666666666667	0.96	0.976666666666667	0.973333333333333
E283K	0	0	0	0	0	0	0	0	0.00333333333333333	0.01	0	0	0	0
E283K	0	0	0	0	0	0	0	0	0	0	0	0.03	0	0
E283K	0	0	0	0	0	0	0	0	0.0166666666666667	0	0	0	0	0
E283K	0	0	0	0	0	0	0	0	0.00666666666666667	0.00666666666666667	0	0	0	0
E283D	0	0	0	0	0	0	0	0	0	0.00333333333333333	0.00333333333333333	0	0	0
E283K	0	0	0	0	0	0	0	0.0133333333333333	0.00333333333333333	0	0	0	0	0
K283E	0	0.00333333333333333	0.00333333333333333	0	0	0	0	0.0166666666666667	0.646666666666667	0.383333333333333	0.01	0	0.0233333333333333	0.0266666666666667
E283D	0	0	0	0	0	0	0	0	0.00666666666666667	0	0	0	0	0
E283K	0	0	0	0	0	0	0	0	0.00666666666666667	0	0	0	0	0
E283K	0	0	0	0	0	0	0	0	0.00666666666666667	0	0	0	0	0
K283E	0	0	0	0	0	0	0	0.02	0	0	0	0	0	0
K283R	0	0	0	0	0	0.00666666666666667	0.01	0	0	0	0	0	0	0
K283E	0	0	0	0	0	0	0	0	0	0.00666666666666667	0	0	0	0
E283Q	0	0	0	0	0	0	0	0	0.00333333333333333	0.00333333333333333	0	0	0	0
K283E	0	0	0	0	0	0	0	0	0.00666666666666667	0	0	0	0	0
K283E	0	0	0.00666666666666667	0	0	0	0	0	0	0	0	0	0	0
K283E	0	0	0.00666666666666667	0	0	0	0	0	0	0	0	0	0	0
K283E	0	0.00333333333333333	0.00333333333333333	0	0	0	0	0	0	0	0	0	0	0
K283E	0	0.00333333333333333	0.0166666666666667	0	0	0	0	0	0	0	0	0	0	0
A285G	0	0	0	0	0.00666666666666667	0	0	0	0	0	0	0	0	0
I286V	0	0	0	0	0	0	0	0	0	0	0	0	0.0166666666666667	0
I286M	0	0	0	0	0	0	0	0	0	0.00666666666666667	0	0	0	0
I286L	0	0	0	0	0	0	0	0	0	0.0266666666666667	0.00333333333333333	0	0	0
I286V	0	0	0	0	0	0	0	0	0	0.00666666666666667	0	0	0	0
I286T	0	0	0	0.00666666666666667	0	0	0	0	0	0	0	0	0	0
I286V	0	0.00666666666666667	0	0	0	0	0	0	0	0	0	0	0	0
N287D	0	0	0	0	0	0	0	0	0	0.00666666666666667	0	0	0	0
N287S	0	0	0	0	0.00666666666666667	0	0	0	0	0	0	0	0	0
T288P	0	0	0	0	0	0	0	0	0.00333333333333333	0.00333333333333333	0	0	0	0
T288P	0	0	0	0	0	0	0	0.00333333333333333	0.00666666666666667	0	0	0	0	0
S289P	0	0	0	0	0	0	0	0.00333333333333333	0.00666666666666667	0	0	0	0	0
S289N	0	0	0	0.00666666666666667	0	0	0	0	0	0	0	0	0	0
F292L	0	0	0	0	0	0	0	0	0.00666666666666667	0.01	0	0	0	0
Q293L	0	0.00333333333333333	0.00333333333333333	0	0	0	0	0	0.00666666666666667	0.00333333333333333	0	0	0.00333333333333333	0
Q293H	0	0	0	0	0	0	0	0	0	0.00666666666666667	0	0	0	0
Q293R	0	0	0	0	0	0	0	0	0.00666666666666667	0.01	0	0	0	0
Q293H	0	0.06	0.01	0	0	0	0	0	0	0	0	0	0	0
N294I	0	0	0	0	0	0	0	0	0	0.00666666666666667	0	0	0	0
N294Y	0	0	0	0	0	0	0	0	0.00666666666666667	0.01	0	0	0	0
N294Y	0	0	0	0	0	0	0.00333333333333333	0.04	0	0	0	0	0	0
N294D	0	0	0	0	0.0133333333333333	0	0	0	0	0	0	0	0	0
I295V	0	0	0	0	0	0	0	0	0	0	0	0	0.0133333333333333	0
I295V	0	0	0	0	0	0	0	0	0	0	0	0	0.0133333333333333	0
I295T	0	0	0	0	0	0	0	0	0	0.00666666666666667	0	0	0	0
I295T	0	0	0	0	0	0	0	0	0.00666666666666667	0.01	0	0	0	0
I295L	0	0	0	0	0	0	0.00333333333333333	0.04	0	0	0	0	0	0
I295V	0	0	0	0	0.02	0	0	0	0	0	0	0	0	0
I295V	0	0	0	0.0266666666666667	0.01	0.06	0	0	0	0	0	0	0	0
I295V	0	0	0	0	0	0	0	0.00666666666666667	0	0	0	0	0	0
V295I	0	0	0	0	0	0	0	0.00666666666666667	0	0	0	0	0	0
I295V	0	0	0.0133333333333333	0	0	0	0	0	0	0	0	0	0	0
I295V	0	0	0.00666666666666667	0	0	0	0	0	0	0	0	0	0	0
H296Y	0	0	0	0	0	0	0	0	0	0.00666666666666667	0	0	0	0
H296V	0	0	0	0	0	0	0	0	0.00666666666666667	0.01	0	0	0	0
P297L	0	0	0	0	0	0	0	0	0.00333333333333333	0.00333333333333333	0	0	0	0
P297S	0	0.0266666666666667	0.0266666666666667	0	0	0	0	0	0	0	0	0	0	0
T299A	0	0	0	0	0	0.0133333333333333	0	0	0	0	0	0	0	0
I300V	0	0	0	0.00666666666666667	0	0	0	0	0	0	0	0	0	0
G301E	0	0	0	0	0	0	0	0	0	0	0	0.0233333333333333	0	0
K302R	0	0	0	0	0	0	0	0	0	0	0	0.0266666666666667	0	0
K302R	0	0	0	0	0	0	0	0	0	0.01	0	0	0	0
C303S	0	0	0	0	0	0	0	0	0	0.0366666666666667	0	0.0133333333333333	0	0
C303Y	0	0	0	0	0	0	0	0	0.00333333333333333	0.01	0	0	0	0
P304S	0	0	0	0.00666666666666667	0	0	0	0	0	0	0	0	0	0
K305R	0	0	0	0	0	0	0	0.02	0	0	0	0	0	0
V307T	0	0	0	0	0	0	0	0.02	0	0	0	0	0	0
K308V	0	0	0	0	0	0	0	0.02	0	0	0	0	0	0
K308R	0	0	0	0	0	0	0.00333333333333333	0.0233333333333333	0	0	0	0	0	0
K308E	0	0	0	0.00333333333333333	0.00333333333333333	0	0	0	0	0	0	0	0	0
T310K	0	0	0	0	0	0	0.01	0	0	0	0	0	0	0
T310S	0	0	0	0.00666666666666667	0	0	0	0	0	0	0	0	0	0
K311N	0	0	0	0	0	0	0	0	0	0.0133333333333333	0	0	0	0
K311R	0	0	0	0	0	0	0	0	0	0.0133333333333333	0	0	0	0
R313S	0	0	0	0	0	0	0	0	0	0	0.01	0	0.01	0
L314Y	0	0	0	0	0	0	0	0	0.00666666666666667	0.01	0	0	0	0
L314R	0	0	0	0	0	0	0	0.00333333333333333	0.00666666666666667	0	0	0	0	0
L314M	0	0.00333333333333333	0.0233333333333333	0.00333333333333333	0	0	0	0	0	0	0	0	0	0
A315V	0	0	0	0	0	0	0	0	0	0	0	0.02	0	0
A315T	0	0	0	0	0	0	0	0	0.00666666666666667	0.01	0	0	0	0
N320I	0	0	0	0	0	0.00666666666666667	0	0	0	0	0	0	0	0
V321I	0	0	0	0	0	0	0	0	0	0	0.00666666666666667	0	0	0
V321I	0	0	0	0	0	0	0	0	0.01	0	0.1	0.00333333333333333	0	0
V321I	0	0	0	0	0	0	0	0	0	0.00666666666666667	0	0	0	0
V321I	0	0	0	0	0	0.00666666666666667	0	0	0	0	0	0	0	0
V321I	0	0	0	0	0	0	0.00666666666666667	0	0	0	0	0	0	0
V321I	0	0	0	0	0	0	0	0.01	0	0	0	0	0	0
V321I	0	0	0	0	0	0	0.00666666666666667	0	0	0	0	0	0	0
V321I	0	0	0	0	0	0	0.01	0	0	0	0	0	0	0
V321I	0	0	0	0	0	0	0	0	0.00666666666666667	0.02	0	0	0	0
V321A	0	0	0	0.00666666666666667	0	0	0	0	0	0	0	0	0	0
V321I	0	0.00333333333333333	0.02	0	0.00666666666666667	0	0	0	0	0	0	0	0	0
V321I	0	0	0.0566666666666667	0	0	0	0	0	0	0	0	0	0	0
V321I	0	0	0	0	0	0.00666666666666667	0	0	0	0	0	0	0	0
V321I	0	0	0	0	0	0	0	0.00666666666666667	0	0	0	0	0	0
V321I	0	0.00333333333333333	0.01	0	0	0	0	0	0	0	0	0	0	0
V321I	0	0.01	0	0.00333333333333333	0	0	0	0	0.01	0	0	0.01	0	0
S323F	0	0	0	0	0	0.00666666666666667	0	0	0	0	0	0	0	0
I324V	0	0.00666666666666667	0	0	0	0	0	0	0	0	0	0	0	0
R327I	0	0	0	0	0	0	0	0.00333333333333333	0.00666666666666667	0	0	0	0	0
